Learning Rate	Train Loss	Valid Loss	Train Acc.	Valid Acc.	Train Acc.5	Valid Acc.5	
0.100000	4.036275	3.671790	7.116000	12.120000	24.504000	37.010000	
0.100000	3.346787	3.139634	17.850000	22.370000	45.680000	53.040000	
0.100000	2.877685	2.733521	26.454000	29.530000	58.356000	62.680000	
0.100000	2.570394	2.449993	32.650000	35.020000	65.770000	68.630000	
0.100000	2.347831	2.300880	37.722000	38.940000	70.844000	72.800000	
0.100000	2.185403	2.225369	41.152000	40.690000	74.186000	73.620000	
0.100000	2.077541	2.093511	43.638000	43.420000	76.314000	76.090000	
0.100000	1.987826	2.076171	45.612000	44.160000	78.154000	76.530000	
0.100000	1.898288	1.977163	47.846000	45.950000	79.572000	77.920000	
0.100000	1.843932	1.943271	49.078000	47.390000	80.696000	78.450000	
0.100000	1.799363	1.885194	50.338000	48.690000	81.698000	79.920000	
0.100000	1.751382	1.896136	51.368000	48.710000	82.288000	79.800000	
0.100000	1.713635	1.831481	52.238000	49.950000	83.062000	80.480000	
0.100000	1.674066	1.855080	53.478000	49.660000	83.658000	80.460000	
0.100000	1.640354	1.765284	53.936000	51.560000	84.206000	81.600000	
0.100000	1.624784	1.783804	54.516000	51.080000	84.380000	81.410000	
0.100000	1.601453	1.765613	55.150000	51.830000	84.950000	81.750000	
0.100000	1.571313	1.730648	55.802000	52.300000	85.320000	82.750000	
0.100000	1.550708	1.738299	56.256000	52.330000	85.498000	82.450000	
0.100000	1.546768	1.769057	56.518000	51.930000	85.644000	81.750000	
0.100000	1.520118	1.707638	57.074000	52.690000	86.120000	82.460000	
0.100000	1.508826	1.648235	57.266000	53.920000	86.152000	83.510000	
0.100000	1.491864	1.696101	57.828000	52.900000	86.474000	82.590000	
0.100000	1.485859	1.658536	57.680000	54.310000	86.654000	83.350000	
0.100000	1.475276	1.700022	58.158000	53.440000	86.808000	82.540000	
0.100000	1.459430	1.727816	58.538000	52.270000	87.048000	82.060000	
0.100000	1.446677	1.691612	58.984000	53.740000	87.230000	82.810000	
0.100000	1.440611	1.665266	59.110000	53.450000	87.200000	83.630000	
0.100000	1.428494	1.702234	59.272000	54.100000	87.488000	82.870000	
0.100000	1.414645	1.621208	59.624000	55.310000	87.696000	84.280000	
0.100000	1.415697	1.658012	59.460000	53.820000	87.822000	83.820000	
0.100000	1.409047	1.643373	59.702000	54.140000	87.722000	84.330000	
0.100000	1.389632	1.603621	60.252000	55.610000	88.054000	84.380000	
0.100000	1.384874	1.587102	60.372000	56.080000	88.098000	84.980000	
0.100000	1.391206	1.646190	60.346000	54.680000	87.974000	83.660000	
0.100000	1.377420	1.685508	60.558000	53.680000	88.192000	83.050000	
0.100000	1.378655	1.605966	60.730000	55.060000	88.222000	84.510000	
0.100000	1.358715	1.589571	61.016000	55.530000	88.552000	85.220000	
0.100000	1.359468	1.607269	61.166000	55.480000	88.512000	84.700000	
0.100000	1.350412	1.594098	61.328000	56.050000	88.638000	84.160000	
0.100000	1.351707	1.583282	61.222000	56.510000	88.738000	84.650000	
0.100000	1.341016	1.623632	61.688000	55.770000	88.820000	84.050000	
0.100000	1.341660	1.606135	61.388000	55.870000	88.840000	84.150000	
0.100000	1.347976	1.599386	61.294000	54.980000	88.844000	84.300000	
0.100000	1.332138	1.601979	61.736000	55.850000	88.836000	84.680000	
0.100000	1.324798	1.620531	61.986000	54.690000	89.022000	84.660000	
0.100000	1.319594	1.552148	61.994000	57.070000	89.064000	84.860000	
0.100000	1.315399	1.603400	62.382000	55.710000	89.294000	84.310000	
0.100000	1.317740	1.591331	61.960000	55.940000	89.190000	84.820000	
0.100000	1.305857	1.626582	62.476000	54.910000	89.240000	84.230000	
0.100000	1.315360	1.573106	62.118000	56.940000	89.324000	84.900000	
0.100000	1.313152	1.604713	62.364000	55.080000	89.254000	84.460000	
0.100000	1.310399	1.575065	62.264000	56.040000	89.306000	85.110000	
0.100000	1.300049	1.601003	62.488000	55.450000	89.482000	84.300000	
0.100000	1.288595	1.572184	62.808000	56.290000	89.432000	85.100000	
0.100000	1.296518	1.642993	62.426000	55.670000	89.450000	83.980000	
0.100000	1.293472	1.597666	62.724000	56.080000	89.496000	84.320000	
0.100000	1.289419	1.565147	62.916000	56.960000	89.578000	84.830000	
0.100000	1.278012	1.570899	63.078000	56.540000	89.776000	84.660000	
0.100000	1.286221	1.526682	62.712000	57.150000	89.764000	85.540000	
0.100000	1.280914	1.610406	62.966000	55.040000	89.660000	84.250000	
0.100000	1.282180	1.580737	62.930000	56.880000	89.782000	84.430000	
0.100000	1.280318	1.523438	62.968000	57.420000	89.726000	85.800000	
0.100000	1.276360	1.538827	62.956000	57.090000	89.694000	85.530000	
0.100000	1.263751	1.634002	63.604000	55.850000	89.998000	84.390000	
0.100000	1.274224	1.511379	63.328000	57.990000	89.666000	85.920000	
0.100000	1.259503	1.548042	63.520000	57.360000	90.042000	85.190000	
0.100000	1.268659	1.480070	63.680000	58.450000	89.880000	86.090000	
0.100000	1.259750	1.564143	63.608000	56.840000	89.908000	84.940000	
0.100000	1.265037	1.562002	63.450000	57.720000	90.098000	84.830000	
0.100000	1.257261	1.532496	63.794000	58.080000	89.810000	85.820000	
0.100000	1.250523	1.598934	63.706000	56.010000	90.106000	84.600000	
0.100000	1.261648	1.553927	63.550000	56.760000	90.052000	84.760000	
0.100000	1.251638	1.552900	63.600000	56.590000	90.028000	84.900000	
0.100000	1.246919	1.538198	64.078000	57.390000	90.168000	85.970000	
0.100000	1.245868	1.530540	63.876000	57.540000	90.176000	85.310000	
0.100000	1.255683	1.515584	63.792000	58.510000	90.152000	85.880000	
0.100000	1.241171	1.527994	64.010000	58.230000	90.094000	85.730000	
0.100000	1.240016	1.538387	64.184000	57.830000	90.236000	85.390000	
0.100000	1.250229	1.540446	63.992000	57.320000	90.082000	85.440000	
0.100000	1.244483	1.604882	64.012000	55.500000	90.322000	84.470000	
0.010000	0.876443	1.230663	73.992000	65.030000	94.394000	89.760000	
0.010000	0.791123	1.239592	76.290000	65.120000	95.152000	89.480000	
0.010000	0.753384	1.227021	77.242000	65.260000	95.576000	89.970000	
0.010000	0.735450	1.235235	77.554000	65.700000	95.822000	89.510000	
0.010000	0.711555	1.216787	78.446000	66.030000	95.974000	90.160000	
0.010000	0.701212	1.231811	78.574000	66.010000	96.182000	89.970000	
0.010000	0.691929	1.242731	78.748000	65.760000	96.280000	90.030000	
0.010000	0.679924	1.242640	79.236000	65.840000	96.250000	89.910000	
0.010000	0.667354	1.239057	79.610000	65.880000	96.450000	89.980000	
0.010000	0.661541	1.229262	79.650000	65.770000	96.582000	90.050000	
0.010000	0.649793	1.240938	79.866000	65.790000	96.786000	90.030000	
0.010000	0.641060	1.238426	80.140000	65.790000	96.702000	90.070000	
0.010000	0.635554	1.261417	80.222000	65.310000	96.768000	89.660000	
0.010000	0.630913	1.242536	80.436000	66.080000	96.876000	90.070000	
0.010000	0.622964	1.286157	80.508000	65.540000	96.960000	89.560000	
0.010000	0.613993	1.246563	80.924000	65.940000	97.000000	89.650000	
0.010000	0.606345	1.257475	81.326000	66.270000	97.124000	90.070000	
0.010000	0.603298	1.250656	81.244000	65.740000	97.130000	90.150000	
0.010000	0.600673	1.267174	81.160000	65.630000	97.238000	90.040000	
0.010000	0.596630	1.280804	81.396000	65.510000	97.190000	89.810000	
0.010000	0.587182	1.262781	81.558000	65.830000	97.274000	90.180000	
0.010000	0.583926	1.307529	81.696000	65.170000	97.324000	89.460000	
0.010000	0.584967	1.277777	81.668000	65.900000	97.216000	89.770000	
0.010000	0.570831	1.306920	81.880000	65.120000	97.450000	89.670000	
0.010000	0.571699	1.270197	82.036000	65.970000	97.438000	89.750000	
0.010000	0.570546	1.284794	81.852000	65.380000	97.446000	90.000000	
0.010000	0.563100	1.301010	82.186000	65.300000	97.504000	89.750000	
0.010000	0.556977	1.305625	82.250000	65.940000	97.614000	89.840000	
0.010000	0.552549	1.288950	82.436000	65.780000	97.606000	89.930000	
0.010000	0.548519	1.303339	82.588000	65.960000	97.624000	89.830000	
0.010000	0.546525	1.306035	82.686000	65.890000	97.588000	89.720000	
0.010000	0.545708	1.316177	82.606000	65.900000	97.578000	89.690000	
0.010000	0.535986	1.332712	82.890000	65.470000	97.692000	89.600000	
0.010000	0.538534	1.335272	82.894000	65.140000	97.708000	89.460000	
0.010000	0.532091	1.333267	83.060000	65.180000	97.730000	89.670000	
0.010000	0.532252	1.326134	83.184000	65.550000	97.668000	89.550000	
0.010000	0.531182	1.321395	83.064000	65.450000	97.832000	89.640000	
0.010000	0.524140	1.301436	83.226000	65.260000	97.854000	89.540000	
0.010000	0.523492	1.311283	83.270000	65.000000	97.924000	89.330000	
0.001000	0.463589	1.320572	85.154000	66.340000	98.216000	89.760000	
0.001000	0.443975	1.332997	85.918000	66.160000	98.392000	89.740000	
0.001000	0.434728	1.337495	86.172000	66.290000	98.424000	89.840000	
0.001000	0.430191	1.344378	86.528000	66.260000	98.400000	89.840000	
0.001000	0.428773	1.347999	86.466000	66.200000	98.454000	89.930000	
0.001000	0.427423	1.360277	86.402000	65.930000	98.472000	89.700000	
0.001000	0.423398	1.356620	86.622000	66.170000	98.518000	89.810000	
0.001000	0.425188	1.360975	86.386000	66.120000	98.506000	89.820000	
0.001000	0.420230	1.368359	86.648000	66.100000	98.498000	89.690000	
0.001000	0.420939	1.361077	86.598000	66.290000	98.460000	89.880000	
0.001000	0.417697	1.376039	86.484000	66.110000	98.566000	89.840000	
0.001000	0.416129	1.368323	86.760000	66.170000	98.516000	89.760000	
0.001000	0.418829	1.365347	86.508000	66.170000	98.534000	89.890000	
0.001000	0.417967	1.375174	86.618000	66.180000	98.532000	89.880000	
0.001000	0.411804	1.372439	86.788000	66.230000	98.548000	89.870000	
0.001000	0.417251	1.381197	86.758000	66.040000	98.520000	89.850000	
0.001000	0.409615	1.380513	86.846000	65.980000	98.538000	89.900000	
0.001000	0.409934	1.378656	86.960000	66.000000	98.586000	89.920000	
0.001000	0.409465	1.389869	86.898000	65.910000	98.588000	89.870000	
0.001000	0.411198	1.384721	86.690000	65.990000	98.546000	89.940000	
0.001000	0.410237	1.386267	86.692000	65.910000	98.570000	89.890000	
0.001000	0.405945	1.386588	86.896000	66.160000	98.632000	89.850000	
0.001000	0.404815	1.385649	86.958000	66.060000	98.566000	89.810000	
0.001000	0.405396	1.400389	86.994000	65.700000	98.558000	89.830000	
0.001000	0.407173	1.393490	86.754000	65.950000	98.606000	89.900000	
0.001000	0.406024	1.391345	86.880000	65.950000	98.640000	89.770000	
0.001000	0.402135	1.396882	87.158000	65.880000	98.638000	89.810000	
0.001000	0.398578	1.398414	87.190000	65.800000	98.648000	89.850000	
0.001000	0.402834	1.400566	87.098000	65.840000	98.674000	89.780000	
0.001000	0.403467	1.406735	86.938000	65.750000	98.604000	89.800000	
0.001000	0.398362	1.410272	87.218000	65.590000	98.690000	89.760000	
0.001000	0.397573	1.405958	87.096000	65.810000	98.718000	89.780000	
0.001000	0.395890	1.411219	87.202000	65.980000	98.660000	89.630000	
0.001000	0.392072	1.422097	87.312000	65.450000	98.708000	89.530000	
0.001000	0.394894	1.409401	87.230000	65.770000	98.694000	89.810000	
0.001000	0.393106	1.417363	87.372000	65.510000	98.706000	89.670000	
0.001000	0.392434	1.410201	87.430000	65.770000	98.700000	89.600000	
0.001000	0.396347	1.418507	87.334000	65.610000	98.694000	89.760000	
0.001000	0.396345	1.420967	87.296000	65.530000	98.650000	89.510000	
0.001000	0.394381	1.409996	87.272000	65.730000	98.688000	89.760000	
0.001000	0.391778	1.408898	87.304000	65.960000	98.682000	89.700000	
0.001000	0.394018	1.412672	87.264000	65.920000	98.672000	89.780000	
0.001000	0.391105	1.422429	87.618000	65.830000	98.714000	89.520000	
0.001000	0.390736	1.426717	87.446000	65.550000	98.672000	89.610000	
