Learning Rate	Train Loss	Valid Loss	Train Acc.	Valid Acc.	Train Acc.5	Valid Acc.5	
0.100000	1.650600	1.377573	37.698000	49.150000	87.858000	93.790000	
0.100000	1.137069	1.230007	58.858000	58.260000	95.738000	96.150000	
0.100000	0.908671	1.188797	67.734000	62.250000	97.340000	96.670000	
0.100000	0.768245	0.938156	72.958000	69.620000	98.158000	97.840000	
0.100000	0.687601	0.762117	75.846000	73.970000	98.512000	98.170000	
0.100000	0.622296	0.693826	78.206000	77.220000	98.894000	98.660000	
0.100000	0.577471	0.719306	79.846000	77.270000	98.902000	98.250000	
0.100000	0.534589	0.703882	81.542000	77.450000	99.080000	98.630000	
0.100000	0.503584	0.725805	82.328000	76.870000	99.262000	98.600000	
0.100000	0.480253	0.616721	83.434000	79.060000	99.298000	98.790000	
0.100000	0.460584	0.572014	84.034000	81.110000	99.294000	99.070000	
0.100000	0.434427	0.587803	84.796000	80.050000	99.420000	99.090000	
0.100000	0.419416	0.692905	85.382000	78.460000	99.446000	98.880000	
0.100000	0.405701	0.714868	85.870000	78.260000	99.462000	98.330000	
0.100000	0.394912	0.567695	86.180000	81.970000	99.512000	98.940000	
0.100000	0.377736	0.555514	86.912000	82.150000	99.504000	99.060000	
0.100000	0.365812	0.628069	87.224000	79.930000	99.594000	98.890000	
0.100000	0.354648	0.509415	87.586000	83.500000	99.630000	99.270000	
0.100000	0.347335	0.522707	88.024000	82.920000	99.654000	99.260000	
0.100000	0.340330	0.510065	88.236000	83.540000	99.618000	98.930000	
0.100000	0.336720	0.548274	88.320000	82.000000	99.652000	99.060000	
0.100000	0.320486	0.619435	88.890000	79.660000	99.650000	99.340000	
0.100000	0.314610	0.566273	89.014000	82.340000	99.648000	99.300000	
0.100000	0.307927	0.625772	89.234000	81.240000	99.738000	99.080000	
0.100000	0.303539	0.502402	89.264000	84.420000	99.710000	99.180000	
0.100000	0.296186	0.519837	89.750000	83.980000	99.730000	99.310000	
0.100000	0.293004	0.600448	89.668000	82.350000	99.732000	99.030000	
0.100000	0.285590	0.579311	89.886000	83.020000	99.780000	99.340000	
0.100000	0.280817	0.560044	90.178000	83.440000	99.746000	99.190000	
0.100000	0.274940	0.443689	90.508000	86.220000	99.802000	99.470000	
0.100000	0.271089	0.515650	90.520000	84.310000	99.756000	99.030000	
0.100000	0.267995	0.492625	90.618000	84.550000	99.762000	99.310000	
0.100000	0.257650	0.545972	90.862000	83.890000	99.832000	99.330000	
0.100000	0.255708	0.500104	91.076000	84.750000	99.796000	99.210000	
0.100000	0.254953	0.526442	91.082000	84.080000	99.814000	99.310000	
0.100000	0.254105	0.479059	91.072000	85.200000	99.830000	99.290000	
0.100000	0.249263	0.575313	91.234000	82.890000	99.826000	99.070000	
0.100000	0.243197	0.572146	91.620000	82.770000	99.828000	99.150000	
0.100000	0.243121	0.447030	91.396000	86.620000	99.854000	99.310000	
0.100000	0.236162	0.425801	91.780000	86.200000	99.862000	99.450000	
0.010000	0.170019	0.329569	94.228000	89.450000	99.914000	99.700000	
0.010000	0.144497	0.328857	95.180000	89.680000	99.938000	99.670000	
0.010000	0.136452	0.327012	95.362000	89.930000	99.934000	99.720000	
0.010000	0.130615	0.329370	95.534000	89.710000	99.936000	99.720000	
0.010000	0.121949	0.329068	95.856000	89.860000	99.944000	99.710000	
0.010000	0.117950	0.329226	96.060000	90.060000	99.942000	99.750000	
0.010000	0.116596	0.335193	96.038000	89.990000	99.962000	99.720000	
0.010000	0.113164	0.346415	96.150000	89.680000	99.946000	99.640000	
0.010000	0.110612	0.342074	96.190000	89.730000	99.962000	99.730000	
0.010000	0.106791	0.341032	96.346000	90.000000	99.968000	99.660000	
0.010000	0.103668	0.346097	96.374000	89.760000	99.972000	99.740000	
0.010000	0.102361	0.351416	96.478000	89.710000	99.976000	99.640000	
0.010000	0.100697	0.350017	96.618000	89.980000	99.964000	99.660000	
0.010000	0.098868	0.358204	96.662000	89.900000	99.974000	99.690000	
0.010000	0.095189	0.361304	96.708000	89.780000	99.974000	99.680000	
0.010000	0.097176	0.353697	96.702000	90.020000	99.970000	99.720000	
0.010000	0.095443	0.367587	96.702000	89.680000	99.964000	99.740000	
0.010000	0.088443	0.367127	96.986000	89.750000	99.970000	99.720000	
0.010000	0.090312	0.370447	96.886000	89.500000	99.972000	99.710000	
0.010000	0.086851	0.372328	96.962000	89.820000	99.984000	99.720000	
0.010000	0.086044	0.373348	97.082000	89.650000	99.980000	99.750000	
0.010000	0.085482	0.372334	97.026000	89.870000	99.976000	99.700000	
0.010000	0.085122	0.379944	96.996000	89.600000	99.974000	99.640000	
0.010000	0.082306	0.387130	97.100000	89.770000	99.970000	99.740000	
0.010000	0.084064	0.380235	97.090000	89.740000	99.982000	99.660000	
0.010000	0.079835	0.373202	97.326000	89.840000	99.976000	99.680000	
0.010000	0.079599	0.380792	97.240000	89.910000	99.986000	99.690000	
0.010000	0.077642	0.379657	97.270000	89.650000	99.980000	99.670000	
0.010000	0.076825	0.385286	97.398000	89.600000	99.982000	99.710000	
0.010000	0.074748	0.385600	97.464000	89.660000	99.982000	99.700000	
0.010000	0.072454	0.386520	97.550000	89.800000	99.980000	99.720000	
0.010000	0.073355	0.389549	97.474000	89.630000	99.978000	99.690000	
0.010000	0.074143	0.391150	97.522000	89.790000	99.984000	99.680000	
0.010000	0.070455	0.397816	97.602000	89.450000	99.994000	99.650000	
0.010000	0.068179	0.391187	97.690000	89.670000	99.990000	99.710000	
0.010000	0.070316	0.401292	97.584000	89.600000	99.978000	99.690000	
0.010000	0.068683	0.398318	97.598000	89.810000	99.986000	99.700000	
0.010000	0.067837	0.397924	97.670000	89.630000	99.988000	99.720000	
0.010000	0.068010	0.408780	97.622000	89.630000	99.984000	99.690000	
0.010000	0.067033	0.400303	97.646000	89.770000	99.998000	99.710000	
0.001000	0.057874	0.390826	97.980000	89.870000	99.994000	99.710000	
0.001000	0.057384	0.392659	98.142000	89.870000	99.988000	99.690000	
0.001000	0.055007	0.388795	98.218000	89.980000	99.990000	99.700000	
0.001000	0.053891	0.391728	98.188000	89.870000	99.994000	99.740000	
0.001000	0.055266	0.394963	98.158000	89.920000	99.986000	99.710000	
0.001000	0.055655	0.395286	98.136000	89.980000	99.996000	99.730000	
0.001000	0.051848	0.396321	98.340000	89.930000	99.994000	99.730000	
0.001000	0.052006	0.398685	98.298000	89.880000	99.994000	99.740000	
0.001000	0.053255	0.397360	98.290000	90.080000	99.998000	99.720000	
0.001000	0.054167	0.394686	98.228000	89.930000	99.992000	99.710000	
0.001000	0.050305	0.395738	98.376000	89.830000	99.992000	99.730000	
0.001000	0.051228	0.396176	98.332000	89.970000	99.990000	99.740000	
0.001000	0.050098	0.395376	98.340000	89.940000	99.994000	99.740000	
0.001000	0.050038	0.393095	98.456000	89.870000	99.994000	99.740000	
0.001000	0.049560	0.397546	98.488000	89.850000	99.996000	99.710000	
0.001000	0.050483	0.399287	98.360000	89.930000	99.998000	99.750000	
0.001000	0.049692	0.398473	98.394000	89.880000	99.996000	99.730000	
0.001000	0.049906	0.397669	98.370000	89.900000	99.992000	99.730000	
0.001000	0.050631	0.401886	98.308000	89.890000	99.996000	99.720000	
0.001000	0.051245	0.399720	98.344000	90.010000	99.996000	99.710000	
0.001000	0.051624	0.398478	98.262000	89.930000	99.986000	99.740000	
0.001000	0.050868	0.401595	98.306000	89.930000	99.996000	99.730000	
0.001000	0.049784	0.402312	98.392000	89.890000	99.998000	99.750000	
0.001000	0.050238	0.400128	98.378000	89.900000	99.998000	99.720000	
0.001000	0.048528	0.402603	98.468000	89.770000	99.994000	99.710000	
0.001000	0.048366	0.405228	98.428000	89.860000	99.996000	99.680000	
0.001000	0.048211	0.402156	98.478000	89.920000	99.998000	99.710000	
0.001000	0.048973	0.404939	98.398000	89.910000	99.996000	99.740000	
0.001000	0.048770	0.403856	98.366000	89.890000	99.992000	99.740000	
0.001000	0.048261	0.406534	98.498000	89.750000	99.988000	99.720000	
0.001000	0.048706	0.405125	98.436000	89.880000	99.994000	99.720000	
0.001000	0.049446	0.407167	98.374000	89.820000	100.000000	99.710000	
0.001000	0.047992	0.403503	98.454000	89.810000	99.998000	99.740000	
0.001000	0.047409	0.405865	98.480000	89.920000	99.994000	99.740000	
0.001000	0.046879	0.404523	98.582000	89.790000	99.992000	99.740000	
0.001000	0.050531	0.407237	98.364000	89.850000	99.990000	99.720000	
0.001000	0.048847	0.407080	98.398000	89.880000	99.994000	99.720000	
0.001000	0.051039	0.405959	98.354000	89.790000	99.998000	99.700000	
0.001000	0.046864	0.406820	98.478000	89.830000	99.996000	99.740000	
0.001000	0.046784	0.406981	98.516000	89.850000	99.994000	99.750000	
0.001000	0.048325	0.410191	98.440000	89.930000	99.988000	99.740000	
0.001000	0.049185	0.407164	98.408000	89.790000	99.994000	99.740000	
0.000100	0.047826	0.407948	98.456000	89.840000	99.994000	99.740000	
0.000100	0.045531	0.408174	98.558000	89.830000	99.996000	99.730000	
0.000100	0.045192	0.408004	98.536000	89.780000	99.996000	99.710000	
0.000100	0.046845	0.409510	98.516000	89.760000	99.994000	99.730000	
0.000100	0.046523	0.408254	98.430000	89.740000	99.992000	99.720000	
0.000100	0.046875	0.405435	98.504000	89.820000	99.996000	99.750000	
0.000100	0.048193	0.409825	98.424000	89.710000	99.994000	99.740000	
0.000100	0.045012	0.406374	98.576000	89.830000	99.998000	99.740000	
0.000100	0.046767	0.409300	98.464000	89.770000	99.996000	99.730000	
0.000100	0.044710	0.409826	98.558000	89.730000	99.994000	99.740000	
0.000100	0.045714	0.407423	98.536000	89.740000	100.000000	99.760000	
0.000100	0.046993	0.409480	98.538000	89.940000	99.992000	99.700000	
0.000100	0.045403	0.408687	98.516000	89.860000	99.994000	99.730000	
0.000100	0.046211	0.408124	98.530000	89.810000	99.994000	99.730000	
0.000100	0.045373	0.407413	98.486000	89.830000	100.000000	99.740000	
0.000100	0.048044	0.409223	98.380000	89.880000	99.998000	99.720000	
0.000100	0.046326	0.407923	98.558000	89.890000	99.994000	99.740000	
0.000100	0.045296	0.408440	98.560000	89.820000	99.996000	99.730000	
0.000100	0.045572	0.408669	98.562000	89.810000	99.994000	99.740000	
0.000100	0.044753	0.407704	98.600000	89.820000	99.998000	99.750000	
0.000100	0.043716	0.409661	98.644000	89.860000	99.998000	99.680000	
0.000100	0.046301	0.409208	98.508000	89.870000	99.996000	99.690000	
0.000100	0.046452	0.407555	98.472000	89.880000	100.000000	99.720000	
0.000100	0.045577	0.408995	98.568000	89.860000	99.992000	99.720000	
0.000100	0.046744	0.408617	98.504000	89.870000	99.998000	99.730000	
0.000100	0.045300	0.412986	98.524000	89.770000	99.998000	99.740000	
0.000100	0.044831	0.407047	98.520000	89.840000	100.000000	99.720000	
0.000100	0.046524	0.411400	98.444000	89.790000	99.992000	99.710000	
0.000100	0.046833	0.408415	98.452000	89.810000	99.994000	99.730000	
0.000100	0.044745	0.408253	98.628000	89.790000	99.994000	99.710000	
0.000100	0.046721	0.406537	98.488000	89.840000	99.994000	99.730000	
0.000100	0.047118	0.409407	98.528000	89.820000	99.996000	99.720000	
0.000100	0.045712	0.406781	98.536000	89.700000	99.996000	99.740000	
0.000100	0.047415	0.410476	98.440000	89.870000	99.996000	99.720000	
0.000100	0.047633	0.406583	98.464000	89.830000	99.994000	99.750000	
0.000100	0.044908	0.409797	98.648000	89.690000	99.994000	99.740000	
0.000100	0.044648	0.405875	98.578000	89.900000	99.998000	99.750000	
0.000100	0.044003	0.408094	98.604000	89.840000	99.992000	99.690000	
0.000100	0.046642	0.409555	98.488000	89.850000	99.998000	99.720000	
0.000100	0.045619	0.408007	98.542000	89.810000	100.000000	99.720000	
0.000100	0.044374	0.407880	98.580000	89.790000	99.998000	99.710000	
0.000100	0.046595	0.406356	98.530000	89.910000	99.994000	99.730000	
