Learning Rate	Train Loss	Valid Loss	Train Acc.	Valid Acc.	Train Acc.5	Valid Acc.5	
0.100000	1.860077	2.520260	28.166000	27.330000	81.310000	79.670000	
0.100000	1.387044	1.614261	48.314000	43.510000	93.186000	91.040000	
0.100000	1.142569	2.329667	58.518000	35.250000	95.672000	84.060000	
0.100000	0.993046	2.318541	64.036000	36.990000	96.892000	84.790000	
0.100000	0.901402	3.425971	67.882000	26.420000	97.368000	77.900000	
0.100000	0.825615	4.486115	70.812000	15.790000	97.970000	81.140000	
0.100000	0.767607	1.624352	73.158000	50.430000	98.196000	93.010000	
0.100000	0.717910	2.192945	75.076000	50.110000	98.368000	82.290000	
0.100000	0.690507	1.480961	75.922000	56.550000	98.500000	94.800000	
0.100000	0.642847	1.706668	77.768000	50.610000	98.692000	96.260000	
0.100000	0.626375	0.971344	78.308000	67.670000	98.754000	98.070000	
0.100000	0.595498	1.240415	79.444000	58.510000	98.890000	95.940000	
0.100000	0.575636	1.010905	79.902000	66.720000	98.942000	96.370000	
0.100000	0.561342	2.111883	80.706000	48.470000	99.026000	90.920000	
0.100000	0.539865	1.158005	81.246000	62.540000	99.080000	96.380000	
0.100000	0.520193	0.842236	81.974000	73.200000	99.124000	97.720000	
0.100000	0.516197	1.314425	82.062000	61.370000	99.182000	95.850000	
0.100000	0.501789	1.276074	82.668000	63.350000	99.224000	95.700000	
0.100000	0.492045	1.352961	82.876000	66.500000	99.236000	96.810000	
0.100000	0.481286	1.137250	83.314000	65.470000	99.224000	96.250000	
0.100000	0.475370	1.333296	83.446000	61.530000	99.258000	93.850000	
0.100000	0.453484	1.443302	84.462000	61.600000	99.350000	96.280000	
0.100000	0.452647	0.995502	84.370000	71.890000	99.304000	98.130000	
0.100000	0.440208	0.994341	84.800000	70.020000	99.400000	98.150000	
0.100000	0.431004	1.046108	85.020000	67.410000	99.402000	97.600000	
0.100000	0.429838	1.462073	84.922000	61.180000	99.402000	95.940000	
0.100000	0.426727	0.857875	85.146000	73.480000	99.432000	98.220000	
0.100000	0.411694	1.203464	85.700000	67.070000	99.440000	97.090000	
0.100000	0.414364	0.953170	85.766000	72.160000	99.450000	97.710000	
0.100000	0.400980	1.409647	86.226000	60.240000	99.476000	93.550000	
0.100000	0.392536	1.070699	86.450000	69.420000	99.508000	97.790000	
0.100000	0.395345	0.848996	86.316000	74.790000	99.452000	96.580000	
0.100000	0.380444	0.952217	86.902000	70.170000	99.478000	96.750000	
0.100000	0.385352	1.250957	86.770000	64.440000	99.484000	97.370000	
0.100000	0.377151	0.932622	86.898000	69.120000	99.532000	98.000000	
0.100000	0.368136	1.456315	87.278000	62.510000	99.566000	92.910000	
0.100000	0.355046	1.524109	87.840000	61.010000	99.554000	96.080000	
0.100000	0.363754	1.083060	87.358000	69.040000	99.586000	96.320000	
0.100000	0.363393	1.214391	87.464000	68.600000	99.562000	94.310000	
0.100000	0.356533	1.251218	87.610000	65.460000	99.614000	95.400000	
0.010000	0.246149	0.318580	91.568000	89.560000	99.798000	99.680000	
0.010000	0.215564	0.320012	92.640000	89.680000	99.858000	99.720000	
0.010000	0.204074	0.320153	93.042000	89.710000	99.838000	99.680000	
0.010000	0.195170	0.323073	93.422000	89.580000	99.866000	99.750000	
0.010000	0.192668	0.308809	93.438000	90.020000	99.870000	99.720000	
0.010000	0.186458	0.325544	93.680000	89.540000	99.878000	99.680000	
0.010000	0.183023	0.332105	93.760000	89.330000	99.888000	99.720000	
0.010000	0.176966	0.332089	93.930000	89.670000	99.880000	99.690000	
0.010000	0.177857	0.322089	93.978000	89.720000	99.880000	99.710000	
0.010000	0.173619	0.327542	94.070000	89.490000	99.902000	99.630000	
0.010000	0.167725	0.363453	94.256000	88.430000	99.902000	99.680000	
0.010000	0.166622	0.345547	94.352000	89.390000	99.896000	99.750000	
0.010000	0.165469	0.320228	94.280000	90.040000	99.896000	99.710000	
0.010000	0.162053	0.338581	94.442000	89.430000	99.896000	99.670000	
0.010000	0.159523	0.359133	94.512000	89.350000	99.902000	99.650000	
0.010000	0.154837	0.356797	94.706000	89.360000	99.906000	99.630000	
0.010000	0.155489	0.357292	94.568000	88.830000	99.918000	99.630000	
0.010000	0.150150	0.317021	94.824000	90.110000	99.910000	99.750000	
0.010000	0.148604	0.344901	94.710000	89.470000	99.920000	99.690000	
0.010000	0.149354	0.349403	94.894000	89.130000	99.912000	99.750000	
0.010000	0.146254	0.338382	94.954000	89.760000	99.938000	99.760000	
0.010000	0.141690	0.324239	95.086000	90.050000	99.942000	99.760000	
0.010000	0.145200	0.328915	95.008000	89.880000	99.928000	99.730000	
0.010000	0.139319	0.348433	95.170000	89.180000	99.932000	99.710000	
0.010000	0.140856	0.345796	95.112000	89.520000	99.932000	99.730000	
0.010000	0.135987	0.349801	95.352000	89.620000	99.942000	99.760000	
0.010000	0.135194	0.353017	95.324000	89.600000	99.926000	99.740000	
0.010000	0.132865	0.347768	95.378000	89.810000	99.932000	99.680000	
0.010000	0.130385	0.341714	95.424000	89.900000	99.936000	99.690000	
0.010000	0.130979	0.358880	95.510000	89.320000	99.936000	99.690000	
0.010000	0.132645	0.345585	95.372000	89.730000	99.926000	99.780000	
0.010000	0.126602	0.366879	95.600000	89.160000	99.942000	99.660000	
0.010000	0.124898	0.373989	95.670000	89.130000	99.946000	99.790000	
0.010000	0.123674	0.354599	95.736000	89.640000	99.942000	99.760000	
0.010000	0.124177	0.366170	95.674000	89.330000	99.950000	99.730000	
0.010000	0.120763	0.399332	95.842000	88.530000	99.958000	99.500000	
0.010000	0.119145	0.353441	95.900000	89.620000	99.948000	99.710000	
0.010000	0.119084	0.379356	95.870000	89.350000	99.960000	99.620000	
0.010000	0.116295	0.392617	95.940000	89.160000	99.948000	99.570000	
0.010000	0.114538	0.361814	95.964000	89.480000	99.956000	99.710000	
0.001000	0.101484	0.324034	96.620000	90.610000	99.964000	99.740000	
0.001000	0.095077	0.324642	96.742000	90.450000	99.966000	99.770000	
0.001000	0.092071	0.325011	96.856000	90.510000	99.954000	99.750000	
0.001000	0.091392	0.326144	96.922000	90.590000	99.956000	99.780000	
0.001000	0.089570	0.325410	97.042000	90.650000	99.962000	99.790000	
0.001000	0.090425	0.324162	97.020000	90.610000	99.962000	99.760000	
0.001000	0.089357	0.328039	96.904000	90.580000	99.968000	99.750000	
0.001000	0.088502	0.327406	97.028000	90.560000	99.962000	99.730000	
0.001000	0.086855	0.327710	97.050000	90.630000	99.968000	99.780000	
0.001000	0.088144	0.326119	97.016000	90.510000	99.976000	99.780000	
0.001000	0.085700	0.326048	97.108000	90.730000	99.976000	99.780000	
0.001000	0.084722	0.327482	97.216000	90.770000	99.972000	99.770000	
0.001000	0.087525	0.327888	97.060000	90.690000	99.970000	99.770000	
0.001000	0.083168	0.325875	97.230000	90.820000	99.970000	99.760000	
0.001000	0.083484	0.330563	97.158000	90.630000	99.974000	99.800000	
0.001000	0.084496	0.329962	97.182000	90.680000	99.972000	99.770000	
0.001000	0.084761	0.331225	97.128000	90.710000	99.964000	99.740000	
0.001000	0.085096	0.330341	97.064000	90.820000	99.972000	99.760000	
0.001000	0.083899	0.331044	97.122000	90.730000	99.960000	99.770000	
0.001000	0.084154	0.332408	97.210000	90.730000	99.962000	99.740000	
0.001000	0.084911	0.336490	97.162000	90.730000	99.982000	99.760000	
0.001000	0.080716	0.334975	97.224000	90.830000	99.968000	99.750000	
0.001000	0.081921	0.335327	97.242000	90.800000	99.968000	99.750000	
0.001000	0.082980	0.335072	97.214000	90.800000	99.976000	99.760000	
0.001000	0.080932	0.334235	97.242000	90.620000	99.988000	99.770000	
0.001000	0.082385	0.333991	97.192000	90.650000	99.976000	99.750000	
0.001000	0.080834	0.334459	97.258000	90.660000	99.974000	99.760000	
0.001000	0.079131	0.333092	97.338000	90.700000	99.970000	99.750000	
0.001000	0.082480	0.337785	97.110000	90.680000	99.968000	99.730000	
0.001000	0.081690	0.332944	97.296000	90.640000	99.960000	99.750000	
0.001000	0.081337	0.335138	97.230000	90.630000	99.962000	99.770000	
0.001000	0.078006	0.338152	97.358000	90.680000	99.980000	99.730000	
0.001000	0.078890	0.334825	97.330000	90.670000	99.984000	99.790000	
0.001000	0.078670	0.335225	97.342000	90.750000	99.980000	99.730000	
0.001000	0.079978	0.336056	97.236000	90.820000	99.978000	99.770000	
0.001000	0.079613	0.337742	97.306000	90.800000	99.978000	99.790000	
0.001000	0.080187	0.337077	97.268000	90.810000	99.976000	99.770000	
0.001000	0.077130	0.334189	97.388000	90.720000	99.972000	99.770000	
0.001000	0.078541	0.335339	97.328000	90.730000	99.974000	99.760000	
0.001000	0.078482	0.335840	97.292000	90.780000	99.978000	99.760000	
0.001000	0.078945	0.339184	97.258000	90.770000	99.974000	99.730000	
0.001000	0.077142	0.338142	97.470000	90.820000	99.982000	99.760000	
0.000100	0.075371	0.337115	97.494000	90.880000	99.982000	99.760000	
0.000100	0.075486	0.337055	97.476000	90.770000	99.972000	99.740000	
0.000100	0.075810	0.338775	97.498000	90.690000	99.972000	99.770000	
0.000100	0.073968	0.337731	97.446000	90.750000	99.978000	99.770000	
0.000100	0.075007	0.338248	97.390000	90.790000	99.970000	99.760000	
0.000100	0.075741	0.338711	97.444000	90.730000	99.984000	99.730000	
0.000100	0.075873	0.338422	97.442000	90.710000	99.966000	99.790000	
0.000100	0.074387	0.337939	97.458000	90.830000	99.974000	99.760000	
0.000100	0.074584	0.338448	97.490000	90.770000	99.978000	99.760000	
0.000100	0.075312	0.338464	97.504000	90.790000	99.970000	99.750000	
0.000100	0.076766	0.337135	97.390000	90.830000	99.980000	99.770000	
0.000100	0.076075	0.339148	97.490000	90.750000	99.972000	99.770000	
0.000100	0.074575	0.338700	97.516000	90.770000	99.982000	99.760000	
0.000100	0.074784	0.336204	97.422000	90.850000	99.978000	99.760000	
0.000100	0.076560	0.337324	97.460000	90.820000	99.970000	99.750000	
0.000100	0.077250	0.338224	97.356000	90.670000	99.978000	99.750000	
0.000100	0.076897	0.336349	97.294000	90.810000	99.976000	99.760000	
0.000100	0.074489	0.337191	97.528000	90.850000	99.968000	99.760000	
0.000100	0.075122	0.337728	97.518000	90.860000	99.976000	99.760000	
0.000100	0.075087	0.336941	97.442000	90.690000	99.978000	99.770000	
0.000100	0.074617	0.340242	97.500000	90.690000	99.974000	99.740000	
0.000100	0.075065	0.338952	97.490000	90.740000	99.970000	99.750000	
0.000100	0.074937	0.339622	97.436000	90.750000	99.978000	99.760000	
0.000100	0.074144	0.339410	97.480000	90.770000	99.978000	99.760000	
0.000100	0.075474	0.339821	97.446000	90.730000	99.984000	99.790000	
0.000100	0.074665	0.336119	97.398000	90.850000	99.980000	99.790000	
0.000100	0.075264	0.339456	97.462000	90.750000	99.966000	99.770000	
0.000100	0.073436	0.338776	97.546000	90.760000	99.970000	99.780000	
0.000100	0.075656	0.339505	97.400000	90.730000	99.976000	99.760000	
0.000100	0.073741	0.337637	97.470000	90.780000	99.976000	99.770000	
0.000100	0.074790	0.337624	97.500000	90.790000	99.976000	99.740000	
0.000100	0.074524	0.338803	97.472000	90.700000	99.978000	99.790000	
0.000100	0.072632	0.339014	97.562000	90.880000	99.978000	99.760000	
0.000100	0.073421	0.337923	97.576000	90.710000	99.976000	99.780000	
0.000100	0.075667	0.337818	97.526000	90.730000	99.982000	99.760000	
0.000100	0.075376	0.337811	97.378000	90.750000	99.982000	99.760000	
0.000100	0.075538	0.340035	97.400000	90.780000	99.988000	99.770000	
0.000100	0.074922	0.338272	97.354000	90.800000	99.976000	99.750000	
0.000100	0.072459	0.337128	97.578000	90.840000	99.974000	99.760000	
0.000100	0.076626	0.339473	97.424000	90.740000	99.978000	99.750000	
0.000100	0.071852	0.339629	97.608000	90.780000	99.978000	99.750000	
0.000100	0.074939	0.339612	97.470000	90.840000	99.984000	99.780000	
