Learning Rate	Train Loss	Valid Loss	Train Acc.	Valid Acc.	Train Acc.5	Valid Acc.5	
0.100000	4.081224	3.712415	6.336000	11.630000	22.914000	35.520000	
0.100000	3.438902	3.196960	15.804000	19.960000	42.924000	50.280000	
0.100000	2.950578	2.783427	25.072000	27.810000	56.642000	61.040000	
0.100000	2.630131	2.489067	31.624000	34.310000	64.730000	68.100000	
0.100000	2.412230	2.342421	35.882000	37.490000	69.462000	70.750000	
0.100000	2.252050	2.185635	39.666000	41.210000	72.898000	74.130000	
0.100000	2.139350	2.125521	42.252000	42.920000	75.268000	75.710000	
0.100000	2.055078	2.114303	44.308000	44.730000	77.014000	76.610000	
0.100000	1.977366	2.027033	46.210000	45.310000	78.432000	77.320000	
0.100000	1.939746	1.970707	47.152000	46.200000	79.168000	78.340000	
0.100000	1.885506	2.006677	48.422000	46.100000	80.086000	77.610000	
0.100000	1.865676	1.908530	48.966000	48.800000	80.598000	80.040000	
0.100000	1.819662	1.935486	49.918000	46.670000	81.038000	79.150000	
0.100000	1.777169	1.847799	51.228000	49.230000	81.900000	80.280000	
0.100000	1.743340	1.836834	51.854000	49.730000	82.456000	80.300000	
0.100000	1.731646	1.833550	52.216000	49.390000	82.784000	80.250000	
0.100000	1.711388	1.971092	52.668000	48.350000	83.146000	80.310000	
0.100000	1.691525	1.821073	52.962000	50.040000	83.364000	80.890000	
0.100000	1.675449	1.783221	53.446000	50.860000	83.740000	81.820000	
0.100000	1.660809	1.822364	53.732000	50.290000	83.898000	80.880000	
0.100000	1.658696	1.772125	54.168000	51.950000	84.034000	81.940000	
0.100000	1.636208	1.836402	54.226000	50.640000	84.544000	80.770000	
0.100000	1.631107	1.748386	54.640000	52.220000	84.604000	81.750000	
0.100000	1.620787	1.869063	54.738000	49.910000	84.486000	80.580000	
0.100000	1.602038	1.741070	55.302000	52.220000	84.954000	81.600000	
0.100000	1.594876	1.697759	55.326000	53.290000	84.936000	82.810000	
0.100000	1.582529	1.670363	55.500000	53.410000	85.264000	83.500000	
0.100000	1.573141	1.878637	56.086000	51.890000	85.312000	81.380000	
0.100000	1.567273	1.715294	56.122000	53.390000	85.454000	82.190000	
0.100000	1.554822	1.711257	56.426000	52.120000	85.570000	83.020000	
0.100000	1.552750	1.727306	56.394000	53.200000	85.828000	82.630000	
0.100000	1.553971	1.726139	56.656000	52.840000	85.940000	82.630000	
0.100000	1.551188	1.812548	56.760000	51.720000	85.738000	81.880000	
0.100000	1.547836	1.747110	56.696000	52.730000	85.858000	82.440000	
0.100000	1.536630	1.740655	57.008000	52.260000	85.880000	82.180000	
0.100000	1.530236	1.664269	56.920000	53.750000	86.126000	83.220000	
0.100000	1.514203	1.768381	57.398000	52.890000	86.206000	82.440000	
0.100000	1.511523	1.665988	57.442000	53.800000	86.246000	83.190000	
0.100000	1.503394	1.639578	57.782000	54.790000	86.452000	83.970000	
0.100000	1.507202	1.708549	57.552000	53.190000	86.472000	82.890000	
0.100000	1.498321	1.699871	57.694000	53.460000	86.538000	82.950000	
0.100000	1.510155	1.636294	57.924000	54.910000	86.388000	84.000000	
0.100000	1.485071	1.688940	58.030000	53.400000	86.614000	82.840000	
0.100000	1.482422	1.738008	58.272000	52.980000	86.714000	82.090000	
0.100000	1.507947	1.622782	57.924000	55.030000	86.522000	83.910000	
0.100000	1.488630	1.603430	57.924000	55.480000	86.644000	84.640000	
0.100000	1.484313	1.751338	58.114000	52.320000	86.910000	81.480000	
0.100000	1.473118	1.609720	58.468000	55.210000	86.868000	84.570000	
0.100000	1.466808	1.664718	58.864000	53.910000	86.890000	83.090000	
0.100000	1.475046	1.643650	58.594000	55.230000	86.992000	83.920000	
0.100000	1.463588	1.609733	58.496000	56.020000	87.092000	84.640000	
0.100000	1.460792	1.574098	58.750000	56.300000	87.106000	84.830000	
0.100000	1.461166	1.610548	58.782000	55.310000	87.154000	84.040000	
0.100000	1.461795	1.698760	58.704000	53.830000	87.090000	82.320000	
0.100000	1.449724	1.685865	59.094000	53.980000	87.286000	83.170000	
0.100000	1.454579	1.648955	58.880000	54.050000	87.158000	84.140000	
0.100000	1.459555	1.621856	58.736000	54.960000	87.170000	84.430000	
0.100000	1.450712	1.732590	58.992000	53.660000	87.254000	82.940000	
0.100000	1.444040	1.656937	59.372000	54.400000	87.430000	83.310000	
0.100000	1.437048	1.590829	59.646000	56.040000	87.416000	84.980000	
0.100000	1.452836	1.681239	58.828000	53.780000	87.108000	83.520000	
0.100000	1.443699	1.591927	59.200000	56.360000	87.404000	84.490000	
0.100000	1.437326	1.699675	59.302000	54.980000	87.464000	83.590000	
0.100000	1.459024	1.668566	58.752000	55.030000	87.180000	83.720000	
0.100000	1.440490	1.634322	59.124000	55.570000	87.468000	83.670000	
0.100000	1.434287	1.586953	59.258000	56.120000	87.572000	85.110000	
0.100000	1.421250	1.621463	59.828000	54.620000	87.790000	83.940000	
0.100000	1.446277	1.634053	59.150000	54.720000	87.500000	84.170000	
0.100000	1.442778	1.653609	59.302000	54.810000	87.492000	83.560000	
0.100000	1.439907	1.612740	59.478000	55.310000	87.380000	84.730000	
0.100000	1.432051	1.643114	59.108000	54.460000	87.504000	83.630000	
0.100000	1.423826	1.705723	59.736000	53.220000	87.626000	82.940000	
0.100000	1.419856	1.608518	59.830000	55.590000	87.748000	84.170000	
0.100000	1.426684	1.557943	59.388000	56.390000	87.356000	85.210000	
0.100000	1.426241	1.670079	59.576000	53.830000	87.690000	82.960000	
0.100000	1.405095	1.571144	59.938000	56.630000	87.896000	85.160000	
0.100000	1.423293	1.626966	59.802000	55.740000	87.800000	84.120000	
0.100000	1.394334	1.592734	60.358000	55.800000	87.984000	84.520000	
0.100000	1.408616	1.553134	60.164000	57.020000	87.854000	85.050000	
0.100000	1.416097	1.562087	59.774000	56.990000	87.896000	85.240000	
0.100000	1.418210	1.602908	59.890000	55.540000	87.780000	85.200000	
0.010000	0.981405	1.246153	71.160000	64.340000	93.134000	90.040000	
0.010000	0.883561	1.224167	73.568000	65.470000	94.304000	90.060000	
0.010000	0.856887	1.217234	74.312000	65.630000	94.618000	90.420000	
0.010000	0.827433	1.232434	75.198000	65.680000	94.912000	89.880000	
0.010000	0.812674	1.213137	75.640000	65.760000	95.032000	90.250000	
0.010000	0.793609	1.213035	75.828000	66.130000	95.374000	90.530000	
0.010000	0.778651	1.226003	76.366000	65.890000	95.408000	90.380000	
0.010000	0.764128	1.237904	76.790000	65.100000	95.564000	90.340000	
0.010000	0.762599	1.206015	76.630000	66.130000	95.612000	90.590000	
0.010000	0.746051	1.188721	77.126000	66.020000	95.756000	90.560000	
0.010000	0.737201	1.203894	77.554000	66.780000	95.908000	90.570000	
0.010000	0.727046	1.222697	77.536000	66.030000	96.104000	90.220000	
0.010000	0.713789	1.222273	77.932000	66.110000	96.146000	90.460000	
0.010000	0.707883	1.213705	78.304000	66.420000	96.122000	90.290000	
0.010000	0.699271	1.235169	78.620000	66.310000	96.216000	90.400000	
0.010000	0.698165	1.237296	78.520000	66.100000	96.310000	90.380000	
0.010000	0.688610	1.218085	78.734000	66.200000	96.428000	90.320000	
0.010000	0.682103	1.209568	78.936000	66.140000	96.478000	90.560000	
0.010000	0.680169	1.218125	78.914000	66.210000	96.558000	90.530000	
0.010000	0.673583	1.219096	79.162000	66.390000	96.654000	90.390000	
0.010000	0.663791	1.239638	79.274000	66.570000	96.670000	90.880000	
0.010000	0.655258	1.246265	79.530000	65.990000	96.600000	90.520000	
0.010000	0.649983	1.265282	79.552000	66.500000	96.762000	90.370000	
0.010000	0.647555	1.252460	79.814000	65.970000	96.804000	90.340000	
0.010000	0.641377	1.250571	79.978000	65.150000	96.844000	90.050000	
0.010000	0.636987	1.275652	80.014000	65.180000	96.850000	89.870000	
0.010000	0.632035	1.258145	80.072000	66.060000	96.964000	90.080000	
0.010000	0.633617	1.222091	80.206000	66.270000	96.928000	90.030000	
0.010000	0.627238	1.257053	80.150000	66.090000	97.080000	90.150000	
0.010000	0.616411	1.302382	80.522000	65.610000	97.108000	89.690000	
0.010000	0.618136	1.299862	80.596000	65.660000	97.154000	89.890000	
0.010000	0.606209	1.277330	81.032000	65.780000	97.196000	90.190000	
0.010000	0.607179	1.255642	80.844000	65.990000	97.228000	90.320000	
0.010000	0.604340	1.265866	80.952000	65.750000	97.264000	90.120000	
0.010000	0.596938	1.283259	81.130000	65.650000	97.370000	89.970000	
0.010000	0.602254	1.282115	80.926000	65.200000	97.366000	89.920000	
0.010000	0.597363	1.305013	81.130000	64.860000	97.296000	89.890000	
0.010000	0.594476	1.306936	81.114000	65.520000	97.316000	90.020000	
0.010000	0.591491	1.288859	81.260000	65.460000	97.348000	89.850000	
0.001000	0.519262	1.298603	83.564000	66.280000	97.838000	90.390000	
0.001000	0.492834	1.289124	84.312000	66.500000	98.002000	90.390000	
0.001000	0.483943	1.297038	84.590000	66.560000	98.050000	90.430000	
0.001000	0.487634	1.304316	84.510000	66.480000	98.094000	90.320000	
0.001000	0.483428	1.300827	84.600000	66.420000	98.100000	90.400000	
0.001000	0.479838	1.296678	84.794000	66.670000	98.096000	90.480000	
0.001000	0.473351	1.311814	84.870000	66.480000	98.208000	90.390000	
0.001000	0.473555	1.314181	84.936000	66.150000	98.166000	90.330000	
0.001000	0.469621	1.323999	85.046000	66.420000	98.156000	90.320000	
0.001000	0.473247	1.336848	84.994000	66.080000	98.176000	90.060000	
0.001000	0.465829	1.328485	84.996000	66.200000	98.286000	90.250000	
0.001000	0.469551	1.329007	85.036000	66.270000	98.120000	90.370000	
0.001000	0.463944	1.328088	85.092000	66.430000	98.236000	90.230000	
0.001000	0.461777	1.332241	85.394000	66.210000	98.344000	90.160000	
0.001000	0.461931	1.334094	85.338000	66.080000	98.288000	90.190000	
0.001000	0.457413	1.338399	85.130000	65.990000	98.334000	90.160000	
0.001000	0.457510	1.346947	85.446000	66.140000	98.286000	90.280000	
0.001000	0.453405	1.350007	85.350000	66.180000	98.358000	90.190000	
0.001000	0.457240	1.350941	85.194000	66.070000	98.360000	90.160000	
0.001000	0.454519	1.350869	85.406000	66.010000	98.302000	90.090000	
0.001000	0.452101	1.346471	85.380000	66.250000	98.350000	90.010000	
0.001000	0.452811	1.348893	85.334000	65.880000	98.386000	90.080000	
0.001000	0.452268	1.342681	85.450000	66.040000	98.296000	90.210000	
0.001000	0.454346	1.346998	85.378000	66.200000	98.292000	90.230000	
0.001000	0.449230	1.351907	85.560000	66.170000	98.376000	90.000000	
0.001000	0.447101	1.359097	85.630000	65.980000	98.372000	90.100000	
0.001000	0.448031	1.366718	85.584000	65.790000	98.336000	90.090000	
0.001000	0.445856	1.360588	85.704000	66.000000	98.404000	90.120000	
0.001000	0.448340	1.360807	85.456000	65.910000	98.374000	90.040000	
0.001000	0.450456	1.360184	85.382000	66.160000	98.378000	90.160000	
0.001000	0.444469	1.368261	85.558000	65.940000	98.478000	90.060000	
0.001000	0.435822	1.384743	85.902000	65.840000	98.426000	90.000000	
0.001000	0.442064	1.370515	85.744000	65.980000	98.500000	89.990000	
0.001000	0.443411	1.354456	85.876000	65.940000	98.378000	90.060000	
0.001000	0.440829	1.368704	85.802000	65.970000	98.418000	89.890000	
0.001000	0.442073	1.379975	85.636000	66.010000	98.414000	89.940000	
0.001000	0.437626	1.383895	86.036000	66.020000	98.394000	90.120000	
0.001000	0.441526	1.377499	85.876000	65.840000	98.476000	90.190000	
0.001000	0.439853	1.373699	85.820000	66.020000	98.430000	90.050000	
0.001000	0.439584	1.382404	85.786000	65.820000	98.424000	90.120000	
0.001000	0.432376	1.391136	86.110000	65.730000	98.478000	90.060000	
0.001000	0.435937	1.383291	86.032000	66.000000	98.456000	90.210000	
0.001000	0.426348	1.399128	86.324000	65.600000	98.500000	90.170000	
0.001000	0.433834	1.392050	86.014000	65.580000	98.494000	90.040000	
