Learning Rate	Train Loss	Valid Loss	Train Acc.	Valid Acc.	Train Acc.5	Valid Acc.5	
0.100000	3.949045	3.743463	8.818000	12.860000	27.922000	37.860000	
0.100000	3.308381	3.235006	18.634000	20.470000	47.002000	50.180000	
0.100000	2.857870	3.024284	26.982000	24.500000	58.990000	56.470000	
0.100000	2.556159	2.779554	32.950000	31.050000	65.988000	64.700000	
0.100000	2.329331	2.552653	37.786000	35.980000	71.238000	68.240000	
0.100000	2.159879	2.455449	41.634000	37.300000	74.672000	69.670000	
0.100000	2.020994	2.314741	44.718000	39.880000	77.274000	72.190000	
0.100000	1.922032	2.169946	47.106000	43.200000	79.140000	74.790000	
0.100000	1.829222	1.967179	49.402000	47.330000	80.796000	79.010000	
0.100000	1.749739	2.098477	51.278000	46.210000	82.230000	77.560000	
0.100000	1.695885	1.944801	52.552000	47.910000	83.142000	79.360000	
0.100000	1.639169	1.958771	54.078000	48.720000	84.074000	79.470000	
0.100000	1.597638	1.953933	55.116000	48.000000	84.820000	78.830000	
0.100000	1.552120	1.975779	56.078000	48.700000	85.486000	79.470000	
0.100000	1.509602	1.874130	57.282000	51.040000	86.188000	81.600000	
0.100000	1.488570	1.844481	57.888000	50.900000	86.354000	81.460000	
0.100000	1.463469	1.818620	58.440000	51.610000	87.040000	82.170000	
0.100000	1.433244	1.740121	59.002000	53.090000	87.210000	82.660000	
0.100000	1.402603	1.828500	60.096000	51.970000	87.742000	81.290000	
0.100000	1.386279	1.743653	60.266000	53.870000	88.034000	82.850000	
0.100000	1.365869	1.751198	60.414000	53.470000	88.382000	83.650000	
0.100000	1.348344	1.796323	61.100000	53.280000	88.594000	82.830000	
0.100000	1.324879	1.847605	61.690000	51.470000	89.026000	81.020000	
0.100000	1.307376	1.752595	62.380000	54.880000	89.188000	83.040000	
0.100000	1.292921	1.720608	62.642000	54.880000	89.422000	83.640000	
0.100000	1.280966	1.722665	62.966000	54.160000	89.586000	84.030000	
0.100000	1.272032	1.755066	62.948000	53.900000	89.682000	83.460000	
0.100000	1.247114	1.729200	63.712000	55.230000	90.166000	84.030000	
0.100000	1.244406	1.719177	64.000000	55.430000	90.116000	83.670000	
0.100000	1.239547	1.771501	64.004000	53.420000	90.102000	83.330000	
0.100000	1.227778	1.782220	64.308000	54.300000	90.184000	83.710000	
0.100000	1.218484	1.667606	64.594000	55.990000	90.436000	84.860000	
0.100000	1.201796	1.657719	64.902000	56.180000	90.670000	84.580000	
0.100000	1.194964	1.653635	65.268000	55.720000	90.824000	84.450000	
0.100000	1.178469	1.751704	65.616000	54.820000	90.958000	83.370000	
0.100000	1.173843	1.569582	65.570000	58.340000	91.090000	85.680000	
0.100000	1.167206	1.675601	65.496000	56.270000	91.194000	85.460000	
0.100000	1.154906	1.805055	65.940000	53.430000	91.402000	83.130000	
0.100000	1.150330	1.746407	66.062000	55.060000	91.436000	83.210000	
0.100000	1.148144	1.656013	66.160000	55.930000	91.448000	84.790000	
0.100000	1.141658	1.741880	66.532000	55.390000	91.438000	83.840000	
0.100000	1.130314	1.616046	66.826000	57.920000	91.702000	85.670000	
0.100000	1.134765	1.622868	66.562000	56.660000	91.440000	84.880000	
0.100000	1.124280	1.856170	66.544000	54.330000	91.752000	82.000000	
0.100000	1.114148	1.769158	67.158000	56.470000	91.936000	84.670000	
0.100000	1.100450	1.677030	67.494000	56.440000	92.060000	85.340000	
0.100000	1.099575	1.630801	67.496000	56.930000	92.146000	85.900000	
0.100000	1.099152	1.790425	67.620000	55.580000	92.120000	83.020000	
0.100000	1.095160	1.600020	67.484000	57.520000	92.108000	85.570000	
0.100000	1.089030	1.799519	67.692000	54.710000	92.102000	83.200000	
0.100000	1.083814	1.693793	67.954000	56.060000	92.364000	84.480000	
0.100000	1.085943	1.662242	67.910000	56.860000	92.290000	85.290000	
0.100000	1.077038	1.717167	68.074000	56.280000	92.334000	84.990000	
0.100000	1.073643	1.810955	68.280000	55.070000	92.362000	84.220000	
0.100000	1.076916	1.643134	68.088000	56.890000	92.412000	85.300000	
0.100000	1.063861	1.616996	68.352000	56.940000	92.626000	85.560000	
0.100000	1.065995	1.657882	68.300000	57.550000	92.472000	85.180000	
0.100000	1.055468	1.729638	68.468000	56.480000	92.650000	84.750000	
0.100000	1.056478	1.666370	68.648000	57.120000	92.652000	85.610000	
0.100000	1.047971	1.634633	68.892000	58.060000	92.726000	85.350000	
0.100000	1.043882	1.587273	68.908000	58.770000	92.742000	86.180000	
0.100000	1.046786	1.545146	68.612000	59.000000	92.908000	86.810000	
0.100000	1.041172	1.763668	68.932000	56.010000	92.836000	84.160000	
0.100000	1.041890	1.553774	69.004000	59.320000	92.806000	86.770000	
0.100000	1.026972	1.655968	69.394000	57.850000	93.000000	85.450000	
0.100000	1.031191	1.783747	69.086000	55.490000	93.078000	83.900000	
0.100000	1.030163	1.733747	69.196000	56.700000	93.040000	85.260000	
0.100000	1.029479	1.622956	69.290000	57.490000	93.004000	85.850000	
0.100000	1.022828	1.757220	69.458000	54.940000	93.180000	84.420000	
0.100000	1.010836	1.636354	69.872000	57.890000	93.202000	85.840000	
0.100000	1.017743	1.645004	69.738000	59.000000	93.150000	85.430000	
0.100000	1.010415	1.587670	69.714000	59.110000	93.252000	86.150000	
0.100000	1.018642	1.817501	69.454000	55.120000	93.182000	83.650000	
0.100000	1.007605	1.635697	70.034000	57.280000	93.272000	85.600000	
0.100000	1.007354	1.637718	70.168000	58.340000	93.246000	85.810000	
0.100000	1.005526	1.628967	69.952000	58.460000	93.134000	86.680000	
0.100000	1.000863	1.718883	70.012000	56.980000	93.406000	85.070000	
0.100000	1.006611	1.721610	69.856000	56.620000	93.156000	85.080000	
0.100000	1.002999	1.670788	70.106000	57.160000	93.334000	84.830000	
0.100000	1.002127	1.669957	69.838000	57.500000	93.332000	85.220000	
0.100000	0.992353	1.467280	70.398000	60.960000	93.544000	87.450000	
0.010000	0.742161	1.214070	77.720000	67.210000	96.052000	90.630000	
0.010000	0.662759	1.225939	80.122000	66.870000	96.680000	90.600000	
0.010000	0.638643	1.231648	80.670000	67.460000	96.920000	90.780000	
0.010000	0.620006	1.232445	81.126000	67.740000	97.130000	90.890000	
0.010000	0.603462	1.244209	81.716000	67.760000	97.184000	90.850000	
0.010000	0.593193	1.249542	81.836000	67.770000	97.354000	90.670000	
0.010000	0.578848	1.258972	82.358000	67.470000	97.348000	90.660000	
0.010000	0.568721	1.258195	82.678000	67.610000	97.492000	90.620000	
0.010000	0.566727	1.264417	82.636000	67.590000	97.516000	90.620000	
0.010000	0.556655	1.269744	82.938000	67.670000	97.662000	90.690000	
0.010000	0.553183	1.271328	82.974000	67.790000	97.604000	90.720000	
0.010000	0.541558	1.287559	83.204000	67.270000	97.748000	90.490000	
0.010000	0.537250	1.283658	83.450000	67.760000	97.782000	90.370000	
0.010000	0.533301	1.297677	83.502000	67.420000	97.826000	90.510000	
0.010000	0.528265	1.298968	83.766000	67.520000	97.870000	90.600000	
0.010000	0.524158	1.299071	83.836000	67.450000	97.862000	90.630000	
0.010000	0.519244	1.308023	83.898000	67.510000	97.896000	90.350000	
0.010000	0.514364	1.332233	84.006000	67.290000	98.032000	90.540000	
0.010000	0.510813	1.318375	84.176000	66.980000	98.004000	90.680000	
0.010000	0.507584	1.320452	84.114000	66.950000	98.096000	90.610000	
0.010000	0.505352	1.332907	84.210000	66.940000	97.970000	90.460000	
0.010000	0.505143	1.335084	84.290000	67.160000	98.024000	90.560000	
0.010000	0.494265	1.331668	84.490000	67.420000	98.094000	90.410000	
0.010000	0.487862	1.329713	84.724000	67.510000	98.150000	90.570000	
0.010000	0.491223	1.352127	84.636000	66.980000	98.144000	90.270000	
0.010000	0.484922	1.354179	84.798000	67.200000	98.266000	90.600000	
0.010000	0.485525	1.364769	84.900000	67.220000	98.218000	90.530000	
0.010000	0.484110	1.348615	84.768000	67.300000	98.288000	90.450000	
0.010000	0.475761	1.369209	85.134000	66.740000	98.284000	90.320000	
0.010000	0.472317	1.369606	85.172000	66.860000	98.356000	90.410000	
0.010000	0.476561	1.393315	84.996000	67.160000	98.254000	90.230000	
0.010000	0.470645	1.381679	85.198000	66.890000	98.342000	90.510000	
0.010000	0.471107	1.366765	85.146000	67.070000	98.354000	90.370000	
0.010000	0.462733	1.382575	85.388000	67.320000	98.424000	90.230000	
0.010000	0.464532	1.390523	85.372000	66.930000	98.408000	90.450000	
0.010000	0.458502	1.393293	85.662000	67.090000	98.424000	90.320000	
0.010000	0.464220	1.395858	85.224000	66.740000	98.338000	90.290000	
0.010000	0.458207	1.406143	85.520000	66.920000	98.562000	90.280000	
0.010000	0.455113	1.407619	85.592000	66.900000	98.442000	90.270000	
0.001000	0.416544	1.378043	86.992000	67.440000	98.724000	90.650000	
0.001000	0.408129	1.365202	87.422000	67.290000	98.762000	90.710000	
0.001000	0.398405	1.366260	87.726000	67.470000	98.844000	90.610000	
0.001000	0.399213	1.362969	87.616000	67.420000	98.824000	90.690000	
0.001000	0.392271	1.368592	87.738000	67.490000	98.884000	90.700000	
0.001000	0.395919	1.367509	87.786000	67.370000	98.776000	90.700000	
0.001000	0.391308	1.368671	87.926000	67.540000	98.816000	90.730000	
0.001000	0.393244	1.364275	87.730000	67.840000	98.868000	90.730000	
0.001000	0.388547	1.369248	88.000000	67.760000	98.846000	90.620000	
0.001000	0.390891	1.368813	88.030000	67.490000	98.766000	90.690000	
0.001000	0.386211	1.369667	87.972000	67.580000	98.888000	90.670000	
0.001000	0.387761	1.368076	87.970000	67.490000	98.884000	90.570000	
0.001000	0.388687	1.367966	87.986000	67.620000	98.908000	90.780000	
0.001000	0.383454	1.370844	88.140000	67.770000	98.896000	90.670000	
0.001000	0.386794	1.372210	88.000000	67.470000	98.874000	90.680000	
0.001000	0.389623	1.373327	87.916000	67.760000	98.852000	90.700000	
0.001000	0.385288	1.377917	88.186000	67.560000	98.882000	90.550000	
0.001000	0.383234	1.375012	88.274000	67.670000	98.866000	90.630000	
0.001000	0.386217	1.370625	87.890000	67.720000	98.912000	90.580000	
0.001000	0.385492	1.374785	87.912000	67.540000	98.902000	90.660000	
0.001000	0.381277	1.378872	88.184000	67.630000	98.956000	90.570000	
0.001000	0.378327	1.380673	88.254000	67.500000	98.958000	90.610000	
0.001000	0.379725	1.387803	88.278000	67.790000	98.872000	90.630000	
0.001000	0.377246	1.381746	88.312000	67.500000	98.876000	90.590000	
0.001000	0.377786	1.385930	88.242000	67.560000	98.910000	90.650000	
0.001000	0.373871	1.380294	88.382000	67.690000	99.012000	90.560000	
0.001000	0.375956	1.378370	88.240000	67.660000	98.918000	90.630000	
0.001000	0.381798	1.386917	87.992000	67.520000	98.902000	90.610000	
0.001000	0.373577	1.386671	88.458000	67.730000	98.930000	90.660000	
0.001000	0.376395	1.390149	88.402000	67.480000	98.922000	90.710000	
0.001000	0.374483	1.389163	88.360000	67.550000	98.990000	90.660000	
0.001000	0.376583	1.383510	88.318000	67.760000	98.900000	90.550000	
0.001000	0.372257	1.386333	88.560000	67.380000	98.934000	90.580000	
0.001000	0.378217	1.392827	88.154000	67.400000	98.984000	90.510000	
0.001000	0.371230	1.402157	88.388000	67.300000	98.886000	90.460000	
0.001000	0.372025	1.396591	88.568000	67.410000	98.942000	90.760000	
0.001000	0.371850	1.401904	88.328000	67.410000	98.984000	90.540000	
0.001000	0.373656	1.394591	88.350000	67.640000	98.940000	90.510000	
0.001000	0.370873	1.392589	88.520000	67.650000	98.964000	90.520000	
0.001000	0.372857	1.402249	88.298000	67.360000	98.984000	90.560000	
0.001000	0.371932	1.393489	88.404000	67.590000	98.970000	90.730000	
0.001000	0.367768	1.401614	88.626000	67.570000	99.018000	90.570000	
0.001000	0.372397	1.397267	88.336000	67.320000	98.956000	90.380000	
0.001000	0.367803	1.401512	88.646000	67.760000	98.946000	90.490000	
