Learning Rate	Train Loss	Valid Loss	Train Acc.	Valid Acc.	Train Acc.5	Valid Acc.5	
0.300000	4.228243	3.899313	4.638000	8.920000	17.962000	28.310000	
0.300000	3.746680	3.613220	10.774000	12.640000	33.518000	38.490000	
0.300000	3.423757	3.229571	16.176000	19.070000	43.532000	48.670000	
0.300000	3.084452	2.954063	22.446000	24.510000	52.666000	56.510000	
0.300000	2.812402	2.709878	27.748000	30.400000	59.972000	62.100000	
0.300000	2.596831	2.552300	32.152000	33.310000	65.156000	66.890000	
0.300000	2.427327	2.517120	35.832000	34.710000	69.000000	67.620000	
0.300000	2.295041	2.320280	38.512000	38.660000	71.776000	71.340000	
0.300000	2.181227	2.279726	41.156000	39.650000	74.148000	72.400000	
0.300000	2.076919	2.229761	43.456000	40.810000	76.160000	73.370000	
0.300000	1.992662	2.185011	45.350000	40.690000	78.108000	74.220000	
0.300000	1.942595	2.052903	46.200000	44.420000	78.958000	77.510000	
0.300000	1.870653	1.989640	48.260000	46.190000	80.218000	78.080000	
0.300000	1.810325	2.000132	49.928000	46.220000	81.222000	77.860000	
0.300000	1.756699	1.986114	51.078000	47.140000	82.438000	78.680000	
0.300000	1.715874	1.890913	51.798000	48.980000	82.944000	80.090000	
0.300000	1.672327	1.938830	53.078000	47.740000	83.842000	79.140000	
0.300000	1.640467	1.905470	53.676000	47.840000	84.264000	80.160000	
0.300000	1.609879	1.817074	54.582000	50.200000	84.756000	81.430000	
0.300000	1.576370	1.776066	55.126000	51.580000	85.146000	82.240000	
0.300000	1.548368	1.840133	56.030000	49.940000	85.688000	81.410000	
0.300000	1.536068	1.747398	56.528000	52.210000	85.910000	82.280000	
0.300000	1.503111	1.730210	57.200000	52.480000	86.450000	82.930000	
0.300000	1.491719	1.803166	57.408000	50.740000	86.656000	82.230000	
0.300000	1.466136	1.792395	58.362000	51.540000	87.000000	81.600000	
0.300000	1.449421	1.736325	58.638000	52.260000	87.286000	82.910000	
0.300000	1.430958	1.741263	58.920000	52.680000	87.534000	82.690000	
0.300000	1.414393	1.747035	59.208000	52.880000	87.794000	82.590000	
0.300000	1.402356	1.714527	59.634000	52.980000	88.164000	83.330000	
0.300000	1.385344	1.726830	60.230000	52.820000	88.310000	82.970000	
0.300000	1.373778	1.736997	60.198000	53.220000	88.340000	83.070000	
0.300000	1.365189	1.707333	60.442000	53.840000	88.632000	83.370000	
0.300000	1.365909	1.624622	60.408000	55.160000	88.554000	84.490000	
0.300000	1.347691	1.653567	60.802000	54.840000	88.752000	84.380000	
0.300000	1.327575	1.673628	61.542000	54.820000	89.130000	84.370000	
0.300000	1.312056	1.632459	62.004000	55.380000	89.214000	84.330000	
0.300000	1.316923	1.655400	61.890000	55.270000	89.066000	84.500000	
0.300000	1.312668	1.668990	61.984000	54.530000	89.132000	83.920000	
0.300000	1.304200	1.646542	62.176000	55.770000	89.476000	84.530000	
0.300000	1.301017	1.636108	62.122000	55.820000	89.410000	84.520000	
0.300000	1.289668	1.673650	62.556000	55.210000	89.494000	83.830000	
0.300000	1.278207	1.684276	62.654000	54.360000	89.716000	83.810000	
0.300000	1.285650	1.694439	62.520000	54.320000	89.702000	83.570000	
0.300000	1.264146	1.702889	63.220000	54.100000	89.970000	83.680000	
0.300000	1.264436	1.641589	63.290000	56.100000	89.954000	84.410000	
0.300000	1.260602	1.563934	63.430000	57.690000	89.974000	85.370000	
0.300000	1.249253	1.694680	63.526000	55.150000	90.280000	83.540000	
0.300000	1.244661	1.634424	63.950000	56.020000	90.208000	84.640000	
0.300000	1.240650	1.678550	63.636000	54.950000	90.272000	84.460000	
0.300000	1.234475	1.607976	64.136000	56.920000	90.264000	85.070000	
0.300000	1.224567	1.675927	64.128000	55.370000	90.516000	83.700000	
0.300000	1.229415	1.627955	64.050000	56.240000	90.488000	85.200000	
0.300000	1.223214	1.687897	64.136000	54.880000	90.390000	83.620000	
0.300000	1.217360	1.681761	64.442000	55.280000	90.756000	84.150000	
0.300000	1.211013	1.648206	64.608000	56.190000	90.592000	84.760000	
0.300000	1.213555	1.648825	64.422000	56.060000	90.648000	84.150000	
0.300000	1.217928	1.576864	64.436000	57.180000	90.558000	85.520000	
0.300000	1.204191	1.600774	64.838000	56.910000	90.748000	85.840000	
0.300000	1.200005	1.619086	64.840000	56.450000	90.920000	85.000000	
0.300000	1.198547	1.684054	65.150000	55.020000	90.700000	83.990000	
0.300000	1.200902	1.634606	64.762000	55.780000	90.786000	84.610000	
0.300000	1.201009	1.550376	64.692000	58.430000	90.920000	85.700000	
0.300000	1.190065	1.548892	65.212000	58.560000	91.126000	85.580000	
0.300000	1.194999	1.605797	65.004000	57.530000	90.866000	84.930000	
0.300000	1.181237	1.596753	65.244000	57.600000	91.116000	84.820000	
0.300000	1.184421	1.535992	65.096000	57.970000	90.950000	86.130000	
0.300000	1.178250	1.621871	65.382000	56.790000	91.084000	84.700000	
0.300000	1.184065	1.610959	65.054000	56.660000	91.036000	84.780000	
0.300000	1.179589	1.604733	65.416000	56.920000	91.038000	85.280000	
0.300000	1.167695	1.593781	65.566000	57.470000	91.338000	85.560000	
0.300000	1.172905	1.613636	65.456000	55.860000	91.204000	84.810000	
0.300000	1.164517	1.518867	65.880000	58.790000	91.326000	86.690000	
0.300000	1.166396	1.569268	65.696000	57.630000	91.148000	85.410000	
0.300000	1.155299	1.619375	66.046000	56.140000	91.544000	85.360000	
0.300000	1.167997	1.608712	65.484000	57.160000	91.260000	85.360000	
0.300000	1.150739	1.585514	66.068000	57.900000	91.590000	85.830000	
0.300000	1.159220	1.606579	66.114000	56.880000	91.394000	84.870000	
0.300000	1.152444	1.582501	66.260000	57.700000	91.546000	85.130000	
0.300000	1.157645	1.570894	65.938000	57.470000	91.360000	85.820000	
0.300000	1.141428	1.658228	66.536000	55.800000	91.618000	84.510000	
0.300000	1.148345	1.642032	66.260000	56.340000	91.586000	84.430000	
0.030000	0.870680	1.352385	74.134000	63.440000	94.634000	88.240000	
0.030000	0.782496	1.365490	76.578000	63.820000	95.566000	88.190000	
0.030000	0.752648	1.340642	77.408000	64.260000	95.818000	88.900000	
0.030000	0.734943	1.347000	77.808000	63.960000	95.894000	88.630000	
0.030000	0.717801	1.336514	78.362000	64.760000	96.042000	88.760000	
0.030000	0.705923	1.348259	78.640000	64.130000	96.156000	88.830000	
0.030000	0.693809	1.360954	78.924000	63.970000	96.424000	88.640000	
0.030000	0.691172	1.354565	79.268000	64.330000	96.324000	88.660000	
0.030000	0.678156	1.363377	79.526000	64.290000	96.526000	88.660000	
0.030000	0.674928	1.367440	79.486000	64.040000	96.500000	88.580000	
0.030000	0.668211	1.388661	79.658000	63.550000	96.560000	88.220000	
0.030000	0.658873	1.368306	79.808000	64.400000	96.642000	88.700000	
0.030000	0.652830	1.365253	80.134000	64.310000	96.708000	88.720000	
0.030000	0.647354	1.377011	80.164000	63.990000	96.832000	88.650000	
0.030000	0.642162	1.379801	80.090000	64.260000	96.924000	88.810000	
0.030000	0.638783	1.386731	80.400000	64.360000	96.834000	88.600000	
0.030000	0.636561	1.402684	80.392000	63.920000	96.910000	88.490000	
0.030000	0.630328	1.395520	80.724000	63.730000	96.902000	88.540000	
0.030000	0.625235	1.388714	80.830000	64.250000	96.928000	88.620000	
0.003000	0.586972	1.375656	82.160000	64.700000	97.368000	88.700000	
0.003000	0.580064	1.375236	82.348000	64.590000	97.330000	88.710000	
0.003000	0.574128	1.375024	82.382000	64.510000	97.460000	88.820000	
0.003000	0.571557	1.368238	82.660000	64.620000	97.394000	88.940000	
0.003000	0.570813	1.373692	82.500000	64.620000	97.486000	88.710000	
0.003000	0.569732	1.372603	82.636000	64.760000	97.472000	88.880000	
0.003000	0.570269	1.375266	82.598000	64.750000	97.436000	88.960000	
0.003000	0.564970	1.377686	82.896000	64.630000	97.514000	88.770000	
0.003000	0.560281	1.377624	82.940000	64.650000	97.492000	88.760000	
0.003000	0.563666	1.383522	82.794000	64.710000	97.470000	88.790000	
0.003000	0.558962	1.383384	82.962000	64.630000	97.492000	88.810000	
0.003000	0.557004	1.380506	82.952000	64.870000	97.534000	88.750000	
0.003000	0.558973	1.377059	82.994000	64.790000	97.398000	88.880000	
0.003000	0.558858	1.381426	83.004000	64.720000	97.474000	88.800000	
0.003000	0.560573	1.388063	82.882000	64.510000	97.564000	88.790000	
0.003000	0.558437	1.390008	82.952000	64.540000	97.534000	88.680000	
0.003000	0.558864	1.385726	83.004000	64.710000	97.480000	88.830000	
0.003000	0.553045	1.387982	83.010000	64.660000	97.680000	88.820000	
0.003000	0.555907	1.377331	83.132000	64.750000	97.458000	88.940000	
0.003000	0.559001	1.383751	82.732000	64.750000	97.524000	88.900000	
0.003000	0.555223	1.387482	83.034000	64.730000	97.520000	88.780000	
0.003000	0.553038	1.388320	83.048000	64.700000	97.588000	88.830000	
0.003000	0.552051	1.385468	83.264000	64.860000	97.594000	88.920000	
0.003000	0.550963	1.387956	82.992000	64.590000	97.626000	88.820000	
0.003000	0.551294	1.390734	83.154000	64.580000	97.612000	88.710000	
0.003000	0.551108	1.395056	83.210000	64.390000	97.560000	88.670000	
0.003000	0.549918	1.386887	83.288000	64.750000	97.596000	88.760000	
0.003000	0.547751	1.392510	83.380000	64.570000	97.616000	88.790000	
0.003000	0.544884	1.396137	83.282000	64.490000	97.704000	88.680000	
0.003000	0.548800	1.394015	83.110000	64.500000	97.630000	88.710000	
0.003000	0.546447	1.395835	83.128000	64.540000	97.646000	88.800000	
0.003000	0.549732	1.394810	83.290000	64.600000	97.628000	88.790000	
0.003000	0.546813	1.400991	83.188000	64.510000	97.704000	88.650000	
0.003000	0.545348	1.392875	83.506000	64.660000	97.606000	88.790000	
0.003000	0.547009	1.392439	83.354000	64.800000	97.560000	88.800000	
0.003000	0.543301	1.397037	83.412000	64.410000	97.770000	88.690000	
0.003000	0.543594	1.398758	83.444000	64.680000	97.616000	88.690000	
0.003000	0.541643	1.394155	83.458000	64.750000	97.668000	88.770000	
0.003000	0.545089	1.394199	83.236000	64.680000	97.652000	88.770000	
0.003000	0.543283	1.407169	83.362000	64.460000	97.642000	88.560000	
0.003000	0.540667	1.396346	83.500000	64.600000	97.748000	88.800000	
0.003000	0.540439	1.400240	83.356000	64.650000	97.666000	88.610000	
0.003000	0.535508	1.402594	83.658000	64.570000	97.718000	88.650000	
0.003000	0.538534	1.398790	83.432000	64.800000	97.698000	88.830000	
0.003000	0.537450	1.408488	83.532000	64.480000	97.680000	88.730000	
0.003000	0.537781	1.410647	83.390000	64.550000	97.700000	88.590000	
0.003000	0.534748	1.407967	83.590000	64.350000	97.700000	88.640000	
0.003000	0.537920	1.407425	83.376000	64.490000	97.798000	88.670000	
0.003000	0.537132	1.409706	83.544000	64.300000	97.792000	88.540000	
0.003000	0.535947	1.413710	83.452000	64.210000	97.782000	88.480000	
0.003000	0.532770	1.407449	83.818000	64.390000	97.774000	88.600000	
0.003000	0.533728	1.406200	83.600000	64.370000	97.764000	88.720000	
0.003000	0.534131	1.410610	83.652000	64.260000	97.842000	88.720000	
0.003000	0.534399	1.413973	83.624000	64.390000	97.728000	88.670000	
0.003000	0.531324	1.410725	83.600000	64.420000	97.756000	88.600000	
0.003000	0.532206	1.408093	83.768000	64.440000	97.782000	88.700000	
0.003000	0.529814	1.406882	83.762000	64.530000	97.814000	88.690000	
0.003000	0.528424	1.406903	83.658000	64.450000	97.768000	88.780000	
0.003000	0.530182	1.406695	83.564000	64.430000	97.814000	88.710000	
0.003000	0.527490	1.409336	83.966000	64.450000	97.850000	88.640000	
0.003000	0.529911	1.407428	83.936000	64.450000	97.750000	88.650000	
0.003000	0.530475	1.414001	83.812000	64.270000	97.768000	88.460000	
0.003000	0.528518	1.407268	83.958000	64.580000	97.784000	88.600000	
0.003000	0.528427	1.414565	83.832000	64.420000	97.782000	88.550000	
