Learning Rate	Train Loss	Valid Loss	Train Acc.	Valid Acc.	Train Acc.5	Valid Acc.5	
0.100000	1.732321	1.482832	34.966000	45.910000	85.188000	91.810000	
0.100000	1.171614	1.050854	57.366000	62.980000	95.480000	96.770000	
0.100000	0.925614	0.917608	66.916000	67.410000	97.358000	97.710000	
0.100000	0.766821	0.737747	73.278000	73.700000	98.174000	98.380000	
0.100000	0.660101	0.720590	77.072000	75.500000	98.630000	98.510000	
0.100000	0.598462	0.604538	79.166000	79.310000	98.918000	98.960000	
0.100000	0.548689	0.582751	80.896000	80.380000	99.126000	99.070000	
0.100000	0.505571	0.536427	82.462000	81.820000	99.240000	99.130000	
0.100000	0.476137	0.522363	83.492000	82.420000	99.324000	99.130000	
0.100000	0.450345	0.510546	84.326000	82.940000	99.386000	99.160000	
0.100000	0.431857	0.507882	85.052000	82.400000	99.418000	99.200000	
0.100000	0.410173	0.508108	85.720000	82.780000	99.476000	99.220000	
0.100000	0.397138	0.463254	86.090000	84.180000	99.496000	99.390000	
0.100000	0.382290	0.467455	86.614000	83.760000	99.578000	99.390000	
0.100000	0.370110	0.481186	87.156000	83.680000	99.590000	99.310000	
0.100000	0.354131	0.457127	87.616000	84.630000	99.616000	99.320000	
0.100000	0.348210	0.456198	87.856000	84.800000	99.664000	99.280000	
0.100000	0.338190	0.417095	88.222000	86.070000	99.690000	99.440000	
0.100000	0.329388	0.485512	88.510000	83.770000	99.672000	99.410000	
0.100000	0.322789	0.456834	88.788000	84.410000	99.670000	99.190000	
0.100000	0.311166	0.400270	89.208000	86.180000	99.726000	99.520000	
0.100000	0.311851	0.461114	89.260000	84.440000	99.708000	99.310000	
0.100000	0.301865	0.421273	89.422000	85.860000	99.726000	99.460000	
0.100000	0.295967	0.401415	89.720000	86.340000	99.730000	99.460000	
0.100000	0.291917	0.417655	89.738000	85.660000	99.752000	99.480000	
0.100000	0.282614	0.418677	90.160000	85.750000	99.768000	99.410000	
0.100000	0.280720	0.412675	90.260000	86.030000	99.770000	99.460000	
0.100000	0.276374	0.384926	90.294000	86.910000	99.790000	99.560000	
0.100000	0.269525	0.412220	90.622000	86.280000	99.748000	99.510000	
0.100000	0.264324	0.420878	90.830000	85.410000	99.798000	99.520000	
0.100000	0.264917	0.412648	90.722000	85.880000	99.802000	99.450000	
0.100000	0.259344	0.381571	90.886000	87.080000	99.806000	99.570000	
0.100000	0.252579	0.407620	91.200000	86.410000	99.816000	99.480000	
0.100000	0.252275	0.410336	91.160000	86.530000	99.848000	99.470000	
0.100000	0.248912	0.385299	91.274000	87.160000	99.814000	99.520000	
0.100000	0.248240	0.391239	91.322000	87.190000	99.834000	99.510000	
0.100000	0.240095	0.409661	91.536000	86.200000	99.848000	99.450000	
0.100000	0.238472	0.395549	91.612000	87.340000	99.848000	99.570000	
0.100000	0.233690	0.380364	91.788000	87.350000	99.834000	99.460000	
0.100000	0.230924	0.369025	91.942000	87.810000	99.870000	99.530000	
0.100000	0.233658	0.375803	91.848000	87.250000	99.836000	99.570000	
0.100000	0.228000	0.389937	92.020000	86.950000	99.868000	99.410000	
0.100000	0.227370	0.415832	92.030000	86.560000	99.876000	99.450000	
0.100000	0.224281	0.345395	92.150000	88.180000	99.856000	99.630000	
0.100000	0.221363	0.375493	92.202000	87.550000	99.854000	99.550000	
0.100000	0.220419	0.366944	92.238000	88.110000	99.876000	99.610000	
0.100000	0.220596	0.358371	92.230000	87.880000	99.862000	99.550000	
0.100000	0.215214	0.349415	92.458000	88.200000	99.880000	99.550000	
0.100000	0.215682	0.350883	92.426000	88.460000	99.842000	99.550000	
0.100000	0.208811	0.344163	92.690000	88.630000	99.884000	99.530000	
0.100000	0.207135	0.345819	92.800000	88.180000	99.866000	99.630000	
0.100000	0.207331	0.362310	92.854000	88.080000	99.882000	99.550000	
0.100000	0.205003	0.385184	92.830000	87.840000	99.900000	99.540000	
0.100000	0.204544	0.371096	92.810000	87.620000	99.898000	99.500000	
0.100000	0.198143	0.339144	93.144000	88.780000	99.896000	99.550000	
0.100000	0.196951	0.343177	92.986000	89.060000	99.892000	99.550000	
0.100000	0.201905	0.390686	92.972000	87.260000	99.890000	99.330000	
0.100000	0.202923	0.381583	92.826000	87.520000	99.906000	99.580000	
0.100000	0.193458	0.345458	93.330000	88.620000	99.884000	99.500000	
0.100000	0.192593	0.369879	93.244000	87.890000	99.886000	99.480000	
0.100000	0.195791	0.352826	93.132000	87.910000	99.914000	99.600000	
0.100000	0.192140	0.366625	93.108000	88.080000	99.906000	99.510000	
0.100000	0.190764	0.349537	93.298000	88.070000	99.902000	99.680000	
0.100000	0.188559	0.358772	93.264000	88.170000	99.910000	99.590000	
0.100000	0.189560	0.355484	93.296000	88.420000	99.882000	99.490000	
0.100000	0.187631	0.353299	93.442000	88.340000	99.882000	99.670000	
0.100000	0.188177	0.347471	93.274000	88.750000	99.928000	99.550000	
0.100000	0.190114	0.361940	93.134000	87.930000	99.934000	99.510000	
0.100000	0.182216	0.377782	93.560000	87.040000	99.924000	99.520000	
0.100000	0.189740	0.351641	93.384000	88.690000	99.894000	99.500000	
0.100000	0.187344	0.380687	93.336000	87.600000	99.930000	99.530000	
0.100000	0.179861	0.374515	93.558000	87.620000	99.926000	99.540000	
0.100000	0.180088	0.355975	93.706000	88.740000	99.906000	99.630000	
0.100000	0.180991	0.365969	93.596000	88.270000	99.920000	99.450000	
0.100000	0.177482	0.336546	93.880000	88.780000	99.920000	99.660000	
0.100000	0.177902	0.358753	93.766000	88.490000	99.934000	99.620000	
0.100000	0.178776	0.398062	93.804000	87.190000	99.924000	99.500000	
0.100000	0.176680	0.398117	93.656000	86.990000	99.908000	99.330000	
0.100000	0.178430	0.364216	93.650000	88.200000	99.930000	99.460000	
0.100000	0.176882	0.356570	93.772000	88.450000	99.908000	99.530000	
0.100000	0.174361	0.322159	93.882000	89.440000	99.928000	99.590000	
0.010000	0.088170	0.276131	96.920000	91.250000	99.964000	99.700000	
0.010000	0.064149	0.278301	97.830000	91.170000	99.986000	99.660000	
0.010000	0.059508	0.278232	97.972000	91.520000	99.978000	99.690000	
0.010000	0.051304	0.285662	98.208000	91.340000	99.990000	99.730000	
0.010000	0.048543	0.285541	98.320000	91.480000	99.984000	99.710000	
0.010000	0.045609	0.284250	98.424000	91.480000	99.994000	99.710000	
0.010000	0.041855	0.295020	98.536000	91.470000	99.992000	99.690000	
0.010000	0.040501	0.300004	98.630000	91.200000	99.988000	99.670000	
0.010000	0.038287	0.303322	98.738000	91.360000	99.996000	99.670000	
0.010000	0.036206	0.300849	98.842000	91.310000	99.996000	99.710000	
0.010000	0.035215	0.313200	98.838000	91.020000	99.990000	99.680000	
0.010000	0.033749	0.305913	98.830000	91.510000	99.996000	99.710000	
0.010000	0.032265	0.302503	98.906000	91.460000	99.994000	99.700000	
0.010000	0.030685	0.319817	98.972000	91.090000	99.998000	99.640000	
0.010000	0.031207	0.320624	98.944000	91.260000	99.998000	99.640000	
0.010000	0.028187	0.321427	99.076000	91.290000	99.998000	99.700000	
0.010000	0.027499	0.315294	99.090000	91.330000	99.998000	99.700000	
0.010000	0.026667	0.328265	99.140000	91.100000	99.998000	99.660000	
0.010000	0.026322	0.329343	99.080000	90.940000	100.000000	99.630000	
0.010000	0.024694	0.336267	99.204000	91.240000	99.996000	99.680000	
0.010000	0.025103	0.339787	99.188000	91.020000	99.998000	99.640000	
0.010000	0.023812	0.343760	99.228000	90.980000	99.994000	99.640000	
0.010000	0.023845	0.342938	99.226000	90.920000	100.000000	99.620000	
0.010000	0.023073	0.346699	99.250000	90.900000	100.000000	99.620000	
0.010000	0.021695	0.331975	99.298000	91.220000	100.000000	99.670000	
0.010000	0.021882	0.337713	99.336000	91.180000	100.000000	99.640000	
0.010000	0.021479	0.353758	99.334000	90.760000	100.000000	99.650000	
0.010000	0.022602	0.338849	99.252000	91.120000	100.000000	99.580000	
0.010000	0.020713	0.353658	99.306000	90.700000	100.000000	99.670000	
0.010000	0.021151	0.363342	99.368000	90.660000	100.000000	99.630000	
0.010000	0.019648	0.355296	99.368000	90.880000	100.000000	99.600000	
0.010000	0.020174	0.352085	99.280000	91.140000	100.000000	99.620000	
0.010000	0.018225	0.374178	99.432000	90.770000	100.000000	99.550000	
0.010000	0.019499	0.362390	99.400000	90.780000	99.998000	99.550000	
0.010000	0.019254	0.353203	99.400000	90.850000	99.998000	99.580000	
0.010000	0.019259	0.359940	99.378000	90.800000	100.000000	99.570000	
0.010000	0.018837	0.362742	99.426000	90.790000	100.000000	99.610000	
0.010000	0.019699	0.364201	99.316000	90.460000	100.000000	99.460000	
0.010000	0.019933	0.372111	99.382000	90.690000	100.000000	99.610000	
0.001000	0.015393	0.363551	99.552000	90.920000	100.000000	99.610000	
0.001000	0.013883	0.361207	99.618000	90.840000	100.000000	99.610000	
0.001000	0.013873	0.361388	99.598000	90.970000	99.998000	99.590000	
0.001000	0.012655	0.359964	99.668000	91.020000	100.000000	99.580000	
0.001000	0.013677	0.361244	99.644000	90.900000	100.000000	99.620000	
0.001000	0.013186	0.362042	99.654000	90.940000	100.000000	99.580000	
0.001000	0.012328	0.361798	99.672000	90.990000	100.000000	99.590000	
0.001000	0.012051	0.362197	99.682000	90.930000	100.000000	99.580000	
0.001000	0.013354	0.361320	99.612000	90.850000	100.000000	99.610000	
0.001000	0.012358	0.361950	99.668000	90.930000	100.000000	99.580000	
0.001000	0.012692	0.361050	99.660000	90.930000	100.000000	99.580000	
0.001000	0.010914	0.363413	99.720000	90.990000	100.000000	99.560000	
0.001000	0.012024	0.363656	99.698000	90.920000	100.000000	99.550000	
0.001000	0.011570	0.365700	99.654000	90.830000	100.000000	99.550000	
0.001000	0.011755	0.367017	99.658000	90.780000	100.000000	99.520000	
0.001000	0.011637	0.367008	99.684000	90.800000	100.000000	99.540000	
0.001000	0.011695	0.367594	99.698000	90.790000	100.000000	99.560000	
0.001000	0.012110	0.369107	99.684000	90.700000	99.998000	99.510000	
0.001000	0.011342	0.367209	99.700000	90.770000	99.998000	99.560000	
0.001000	0.011389	0.370055	99.680000	90.810000	100.000000	99.540000	
0.001000	0.012061	0.368227	99.638000	90.850000	100.000000	99.550000	
0.001000	0.010978	0.370087	99.734000	90.860000	100.000000	99.530000	
0.001000	0.011411	0.369665	99.712000	90.750000	100.000000	99.560000	
0.001000	0.011179	0.372307	99.718000	90.750000	100.000000	99.540000	
0.001000	0.011594	0.369988	99.712000	90.800000	99.998000	99.530000	
0.001000	0.011362	0.371752	99.708000	90.730000	100.000000	99.540000	
0.001000	0.011142	0.370964	99.698000	90.790000	100.000000	99.550000	
0.001000	0.010555	0.370844	99.782000	90.800000	100.000000	99.540000	
0.001000	0.010479	0.371277	99.732000	90.760000	100.000000	99.560000	
0.001000	0.011568	0.372078	99.704000	90.740000	100.000000	99.540000	
0.001000	0.011224	0.372602	99.696000	90.820000	100.000000	99.540000	
0.001000	0.010863	0.372708	99.718000	90.730000	100.000000	99.540000	
0.001000	0.011201	0.370636	99.736000	90.760000	100.000000	99.570000	
0.001000	0.011207	0.370774	99.698000	90.720000	100.000000	99.570000	
0.001000	0.010604	0.371641	99.748000	90.750000	100.000000	99.560000	
0.001000	0.010180	0.371985	99.776000	90.700000	100.000000	99.550000	
0.001000	0.011579	0.371724	99.680000	90.730000	100.000000	99.560000	
0.001000	0.010743	0.372559	99.724000	90.660000	100.000000	99.550000	
0.001000	0.010329	0.371224	99.768000	90.770000	100.000000	99.530000	
0.001000	0.010177	0.370813	99.724000	90.760000	100.000000	99.530000	
0.001000	0.010922	0.374823	99.722000	90.700000	100.000000	99.560000	
0.001000	0.011035	0.374741	99.728000	90.750000	100.000000	99.550000	
0.001000	0.011816	0.373812	99.660000	90.710000	100.000000	99.550000	
0.001000	0.010323	0.374273	99.762000	90.700000	100.000000	99.540000	
