Learning Rate	Train Loss	Valid Loss	Train Acc.	Valid Acc.	Train Acc.5	Valid Acc.5	
0.100000	4.529978	4.211908	2.390000	4.810000	10.220000	18.290000	
0.100000	4.066440	3.894819	6.326000	8.750000	23.166000	29.770000	
0.100000	3.749568	3.599158	11.044000	14.570000	33.362000	39.290000	
0.100000	3.402930	3.360336	17.372000	19.930000	44.358000	46.280000	
0.100000	3.037725	3.006330	24.160000	25.560000	54.192000	57.020000	
0.100000	2.699674	2.613176	30.724000	32.460000	62.610000	65.150000	
0.100000	2.414246	2.506992	36.524000	36.250000	69.278000	67.550000	
0.100000	2.200208	2.314795	41.060000	40.380000	73.718000	71.910000	
0.100000	2.027266	2.157876	45.272000	43.340000	77.142000	74.690000	
0.100000	1.894869	2.145270	48.150000	46.020000	79.474000	76.440000	
0.100000	1.781279	2.071670	50.660000	45.440000	81.704000	76.100000	
0.100000	1.674057	1.918725	53.374000	49.350000	83.564000	80.180000	
0.100000	1.586959	1.853974	55.622000	50.790000	84.962000	81.030000	
0.100000	1.512835	1.901839	57.154000	50.530000	86.108000	80.790000	
0.100000	1.444971	1.844170	58.892000	52.750000	87.188000	81.830000	
0.100000	1.389050	1.649506	60.196000	55.090000	87.988000	83.720000	
0.100000	1.335708	1.676943	61.594000	54.940000	89.008000	84.000000	
0.100000	1.286967	1.728584	62.860000	54.840000	89.552000	83.720000	
0.100000	1.251817	1.636781	63.746000	56.360000	90.180000	84.640000	
0.100000	1.209832	1.664762	64.936000	56.370000	90.676000	84.250000	
0.100000	1.178748	1.583219	65.500000	57.720000	91.080000	85.860000	
0.100000	1.138972	1.486741	66.652000	60.030000	91.630000	86.770000	
0.100000	1.118204	1.619603	67.094000	57.640000	91.894000	85.890000	
0.100000	1.088657	1.633765	68.002000	57.480000	92.090000	85.210000	
0.100000	1.067242	1.637151	68.538000	57.140000	92.548000	84.910000	
0.100000	1.036188	1.643259	69.346000	57.280000	92.954000	85.760000	
0.100000	1.027174	1.464997	69.392000	60.480000	93.170000	87.530000	
0.100000	0.994785	1.714339	70.596000	56.670000	93.468000	84.400000	
0.100000	0.983653	1.764637	70.720000	58.790000	93.672000	86.030000	
0.100000	0.961417	1.621260	71.194000	58.520000	93.870000	85.400000	
0.100000	0.960027	1.515595	71.344000	60.550000	93.970000	86.690000	
0.100000	0.925128	1.523858	72.134000	61.230000	94.162000	87.130000	
0.100000	0.925125	1.551229	72.362000	60.590000	94.280000	87.190000	
0.100000	0.897884	1.547404	72.968000	60.610000	94.566000	87.170000	
0.100000	0.890537	1.548756	73.200000	59.610000	94.712000	87.030000	
0.100000	0.873928	1.635974	73.480000	58.580000	94.808000	85.870000	
0.100000	0.864154	1.568274	73.816000	59.820000	95.012000	86.380000	
0.100000	0.850952	1.563972	74.130000	59.630000	95.144000	86.680000	
0.100000	0.837977	1.527300	74.518000	60.820000	95.248000	87.650000	
0.100000	0.824029	1.502972	75.054000	61.820000	95.354000	87.800000	
0.100000	0.815547	1.493167	75.134000	61.310000	95.550000	87.900000	
0.100000	0.812669	1.563107	75.120000	60.750000	95.566000	86.990000	
0.100000	0.802496	1.484925	75.388000	61.410000	95.706000	87.590000	
0.100000	0.794911	1.591554	75.656000	60.010000	95.772000	86.300000	
0.100000	0.780062	1.586987	76.250000	60.690000	95.956000	86.920000	
0.100000	0.768832	1.470897	76.416000	61.570000	95.964000	88.220000	
0.100000	0.769711	1.492126	76.468000	62.510000	95.950000	88.390000	
0.100000	0.757549	1.495576	76.670000	62.120000	96.144000	88.050000	
0.100000	0.744902	1.703286	77.094000	58.700000	96.242000	85.840000	
0.100000	0.744321	1.495890	76.876000	62.240000	96.340000	88.060000	
0.100000	0.730608	1.482587	77.436000	62.150000	96.440000	88.080000	
0.100000	0.734069	1.467666	77.498000	63.530000	96.370000	88.440000	
0.100000	0.720284	1.498616	77.782000	62.430000	96.512000	88.270000	
0.100000	0.717076	1.512871	77.638000	61.660000	96.518000	88.030000	
0.100000	0.719087	1.408550	77.664000	63.610000	96.536000	89.190000	
0.100000	0.698741	1.461453	78.278000	62.940000	96.732000	88.340000	
0.100000	0.694090	1.625973	78.454000	61.230000	96.818000	87.690000	
0.100000	0.697148	1.437514	78.400000	62.920000	96.830000	88.880000	
0.100000	0.687427	1.544728	78.650000	61.950000	96.840000	88.150000	
0.100000	0.690843	1.551546	78.538000	61.970000	96.796000	87.650000	
0.100000	0.670048	1.402655	79.066000	64.190000	96.940000	89.490000	
0.100000	0.668751	1.438512	79.230000	62.890000	97.052000	88.910000	
0.100000	0.676701	1.435871	78.900000	63.480000	97.034000	89.150000	
0.100000	0.663702	1.507226	79.304000	61.920000	97.150000	87.930000	
0.100000	0.657010	1.678483	79.632000	60.310000	97.194000	86.950000	
0.100000	0.657856	1.625907	79.664000	61.250000	97.146000	87.580000	
0.100000	0.651579	1.505481	79.706000	62.710000	97.246000	88.030000	
0.100000	0.648488	1.497826	79.654000	62.710000	97.166000	88.420000	
0.100000	0.638166	1.504789	79.968000	61.860000	97.330000	88.420000	
0.100000	0.640816	1.571634	80.110000	62.970000	97.172000	88.220000	
0.100000	0.631868	1.545301	80.198000	61.460000	97.346000	88.150000	
0.100000	0.628404	1.472237	80.342000	63.300000	97.462000	89.020000	
0.100000	0.632733	1.484040	80.004000	62.950000	97.406000	88.140000	
0.100000	0.629060	1.529151	80.244000	62.720000	97.410000	88.090000	
0.100000	0.616779	1.497559	80.708000	63.320000	97.422000	88.130000	
0.100000	0.616305	1.630037	80.650000	61.000000	97.426000	86.950000	
0.100000	0.621717	1.623961	80.616000	61.380000	97.442000	87.310000	
0.100000	0.605688	1.496297	81.136000	62.550000	97.566000	88.780000	
0.100000	0.604490	1.372593	80.920000	64.360000	97.650000	89.380000	
0.100000	0.598579	1.608987	81.244000	62.910000	97.718000	88.540000	
0.100000	0.611917	1.579043	80.676000	61.770000	97.632000	87.720000	
0.010000	0.343109	1.048182	89.814000	72.290000	99.262000	92.710000	
0.010000	0.260036	1.057069	92.610000	72.620000	99.504000	92.960000	
0.010000	0.230423	1.069512	93.618000	72.750000	99.608000	93.010000	
0.010000	0.208849	1.080243	94.206000	72.980000	99.702000	93.010000	
0.010000	0.192728	1.096126	94.880000	72.740000	99.742000	92.850000	
0.010000	0.182782	1.113779	94.862000	72.820000	99.786000	92.970000	
0.010000	0.171261	1.115973	95.320000	72.780000	99.824000	92.880000	
0.010000	0.161955	1.137977	95.768000	72.330000	99.818000	92.720000	
0.010000	0.153243	1.150626	95.896000	72.320000	99.850000	92.800000	
0.010000	0.144538	1.170306	96.220000	72.280000	99.882000	92.780000	
0.010000	0.141659	1.170432	96.366000	72.240000	99.884000	92.880000	
0.010000	0.132340	1.177245	96.640000	72.420000	99.896000	92.770000	
0.010000	0.128696	1.208282	96.738000	72.040000	99.910000	92.530000	
0.010000	0.122873	1.212008	96.916000	72.240000	99.922000	92.650000	
0.010000	0.119853	1.220091	96.908000	72.050000	99.934000	92.610000	
0.010000	0.113784	1.238659	97.162000	71.900000	99.932000	92.630000	
0.010000	0.109664	1.235174	97.374000	72.300000	99.936000	92.590000	
0.010000	0.106180	1.241010	97.402000	72.380000	99.952000	92.650000	
0.010000	0.104007	1.262256	97.446000	71.750000	99.952000	92.360000	
0.010000	0.101889	1.262396	97.432000	71.990000	99.970000	92.390000	
0.010000	0.097595	1.255300	97.638000	72.060000	99.946000	92.490000	
0.010000	0.095675	1.279749	97.686000	71.850000	99.970000	92.380000	
0.010000	0.092611	1.289973	97.916000	72.360000	99.974000	92.380000	
0.010000	0.089939	1.301502	97.896000	71.880000	99.970000	92.430000	
0.010000	0.087430	1.301977	97.958000	72.000000	99.972000	92.290000	
0.010000	0.084815	1.304260	98.058000	71.990000	99.980000	92.340000	
0.010000	0.083040	1.314630	98.160000	72.110000	99.986000	92.190000	
0.010000	0.078092	1.319677	98.344000	71.760000	99.980000	92.400000	
0.010000	0.078229	1.321515	98.248000	72.040000	99.980000	92.210000	
0.010000	0.077487	1.330986	98.360000	71.880000	99.988000	92.300000	
0.010000	0.074055	1.326621	98.362000	72.150000	99.982000	92.200000	
0.010000	0.073269	1.345475	98.370000	71.780000	99.984000	92.270000	
0.010000	0.072710	1.367448	98.368000	72.020000	99.988000	92.210000	
0.010000	0.071024	1.387010	98.452000	71.630000	99.990000	92.090000	
0.010000	0.068503	1.359319	98.556000	72.300000	99.990000	92.140000	
0.010000	0.068749	1.373880	98.496000	71.930000	99.982000	92.090000	
0.010000	0.065161	1.370661	98.636000	71.850000	99.996000	92.110000	
0.010000	0.065767	1.371348	98.662000	72.110000	99.988000	92.200000	
0.010000	0.065869	1.386508	98.578000	71.800000	99.990000	92.120000	
0.001000	0.055321	1.373770	99.028000	71.850000	99.996000	92.070000	
0.001000	0.052025	1.371767	99.154000	72.030000	99.992000	92.060000	
0.001000	0.051428	1.370854	99.118000	72.350000	99.994000	92.170000	
0.001000	0.052019	1.372441	99.104000	72.130000	99.998000	92.120000	
0.001000	0.048650	1.361586	99.252000	72.200000	99.992000	92.070000	
0.001000	0.048349	1.376670	99.286000	71.930000	100.000000	92.030000	
0.001000	0.048521	1.370968	99.228000	72.230000	99.994000	92.070000	
0.001000	0.049849	1.372698	99.190000	71.980000	99.998000	91.950000	
0.001000	0.049402	1.369611	99.198000	72.200000	99.996000	92.060000	
0.001000	0.047398	1.373284	99.270000	72.240000	99.998000	92.110000	
0.001000	0.046157	1.372059	99.298000	72.300000	99.998000	92.060000	
0.001000	0.047644	1.374881	99.260000	72.370000	99.994000	92.060000	
0.001000	0.047142	1.381008	99.268000	72.350000	99.996000	92.040000	
0.001000	0.046030	1.373108	99.302000	72.380000	99.996000	92.080000	
0.001000	0.046906	1.380821	99.268000	72.410000	99.998000	92.130000	
0.001000	0.045791	1.378298	99.298000	72.510000	100.000000	92.030000	
0.001000	0.045469	1.377764	99.306000	72.460000	99.998000	92.110000	
0.001000	0.044995	1.381579	99.306000	72.360000	100.000000	92.120000	
0.001000	0.044803	1.381306	99.354000	72.260000	99.998000	92.070000	
0.001000	0.045193	1.386462	99.314000	72.130000	99.998000	91.990000	
0.001000	0.044754	1.393466	99.344000	72.200000	99.998000	92.020000	
0.001000	0.045061	1.387968	99.342000	72.250000	99.992000	92.060000	
0.001000	0.045427	1.388117	99.296000	72.180000	99.994000	91.980000	
0.001000	0.044374	1.381101	99.334000	72.430000	99.996000	92.120000	
0.001000	0.043789	1.383938	99.392000	72.320000	99.998000	92.190000	
0.001000	0.043082	1.383439	99.416000	72.320000	99.998000	92.140000	
0.001000	0.043870	1.387069	99.352000	72.210000	99.998000	92.030000	
0.001000	0.044908	1.384181	99.308000	72.140000	99.998000	92.030000	
0.001000	0.044311	1.391264	99.324000	72.250000	99.994000	92.010000	
0.001000	0.044430	1.396003	99.368000	72.100000	99.998000	92.060000	
0.001000	0.043415	1.391338	99.400000	72.160000	99.998000	92.050000	
0.001000	0.043979	1.392455	99.338000	72.080000	99.994000	92.100000	
0.001000	0.043602	1.391309	99.358000	72.300000	100.000000	92.140000	
0.001000	0.042588	1.384286	99.384000	72.170000	100.000000	92.140000	
0.001000	0.041749	1.389234	99.428000	72.160000	99.996000	92.030000	
0.001000	0.042915	1.399732	99.392000	72.230000	99.998000	92.030000	
0.001000	0.042682	1.394843	99.356000	72.130000	100.000000	92.060000	
0.001000	0.041893	1.392371	99.386000	72.050000	100.000000	92.020000	
0.001000	0.041907	1.389882	99.444000	72.130000	100.000000	92.020000	
0.001000	0.041650	1.392147	99.418000	72.220000	99.998000	92.110000	
0.001000	0.041928	1.394096	99.384000	72.210000	99.998000	92.160000	
0.001000	0.042331	1.391075	99.386000	72.300000	99.996000	92.130000	
0.001000	0.041126	1.394193	99.432000	72.130000	99.998000	92.080000	
0.001000	0.040697	1.397188	99.454000	72.260000	99.998000	92.080000	
