Learning Rate	Train Loss	Valid Loss	Train Acc.	Valid Acc.	Train Acc.5	Valid Acc.5	
0.100000	1.712719	1.410060	35.288000	48.490000	86.146000	92.880000	
0.100000	1.186739	1.027826	57.280000	63.080000	95.082000	96.780000	
0.100000	0.919081	0.902066	67.540000	68.380000	97.202000	97.630000	
0.100000	0.764281	0.715318	73.468000	75.090000	98.034000	98.520000	
0.100000	0.673492	0.649359	76.530000	77.810000	98.544000	98.750000	
0.100000	0.606256	0.592184	78.980000	80.410000	98.770000	98.730000	
0.100000	0.561706	0.588819	80.720000	79.880000	99.040000	98.760000	
0.100000	0.520938	0.569659	82.014000	80.470000	99.118000	99.130000	
0.100000	0.496335	0.506374	82.790000	82.550000	99.186000	99.200000	
0.100000	0.471053	0.533873	83.748000	81.750000	99.234000	99.210000	
0.100000	0.444774	0.496725	84.854000	83.100000	99.356000	99.280000	
0.100000	0.427214	0.485285	85.312000	83.520000	99.360000	99.280000	
0.100000	0.412984	0.505105	85.846000	83.040000	99.484000	99.080000	
0.100000	0.397549	0.487543	86.230000	83.470000	99.426000	99.280000	
0.100000	0.384275	0.443212	86.806000	84.880000	99.508000	99.400000	
0.100000	0.377814	0.458850	86.992000	84.260000	99.490000	99.380000	
0.100000	0.362881	0.462609	87.422000	84.510000	99.598000	99.390000	
0.100000	0.363031	0.443197	87.634000	85.130000	99.598000	99.270000	
0.100000	0.348994	0.428569	88.076000	85.790000	99.558000	99.390000	
0.100000	0.339620	0.428271	88.218000	85.410000	99.620000	99.340000	
0.100000	0.334257	0.435976	88.334000	84.900000	99.624000	99.340000	
0.100000	0.327120	0.415267	88.774000	86.040000	99.680000	99.360000	
0.100000	0.317353	0.419965	89.128000	85.680000	99.628000	99.450000	
0.100000	0.310807	0.409327	89.292000	86.490000	99.662000	99.360000	
0.100000	0.306021	0.389364	89.284000	86.930000	99.674000	99.510000	
0.100000	0.301344	0.407551	89.624000	86.070000	99.712000	99.440000	
0.100000	0.300590	0.418707	89.534000	86.410000	99.716000	99.520000	
0.100000	0.289784	0.409121	90.050000	86.480000	99.714000	99.440000	
0.100000	0.291608	0.433991	89.918000	84.930000	99.712000	99.380000	
0.100000	0.289137	0.389987	89.916000	87.340000	99.718000	99.520000	
0.100000	0.277685	0.402522	90.364000	86.600000	99.742000	99.440000	
0.100000	0.277376	0.395575	90.520000	87.130000	99.758000	99.480000	
0.100000	0.276210	0.408648	90.514000	86.280000	99.778000	99.450000	
0.100000	0.277499	0.384648	90.424000	87.090000	99.748000	99.410000	
0.100000	0.275183	0.400469	90.256000	86.780000	99.760000	99.520000	
0.100000	0.269593	0.411783	90.570000	86.250000	99.772000	99.440000	
0.100000	0.264957	0.380013	90.934000	87.320000	99.770000	99.460000	
0.100000	0.260165	0.373669	90.904000	87.720000	99.786000	99.590000	
0.100000	0.257843	0.373913	91.004000	87.530000	99.780000	99.570000	
0.100000	0.258013	0.367532	91.110000	87.940000	99.782000	99.510000	
0.100000	0.251330	0.408772	91.232000	86.770000	99.812000	99.490000	
0.100000	0.250493	0.380933	91.222000	86.970000	99.806000	99.530000	
0.100000	0.252916	0.375483	91.142000	87.570000	99.802000	99.620000	
0.100000	0.245995	0.360460	91.460000	88.040000	99.812000	99.580000	
0.100000	0.244978	0.356638	91.448000	88.460000	99.800000	99.540000	
0.100000	0.239767	0.368208	91.686000	87.550000	99.850000	99.570000	
0.100000	0.236485	0.351211	91.880000	88.240000	99.816000	99.620000	
0.100000	0.242892	0.386648	91.562000	87.150000	99.832000	99.510000	
0.100000	0.236058	0.400409	91.842000	86.880000	99.854000	99.480000	
0.100000	0.236439	0.394878	91.712000	86.730000	99.812000	99.460000	
0.100000	0.230322	0.373940	91.964000	87.470000	99.850000	99.600000	
0.100000	0.239231	0.388227	91.784000	87.420000	99.832000	99.460000	
0.100000	0.233122	0.373149	91.970000	87.320000	99.864000	99.620000	
0.100000	0.228687	0.338139	92.136000	88.420000	99.860000	99.670000	
0.100000	0.231261	0.363973	91.854000	87.880000	99.880000	99.480000	
0.100000	0.230108	0.357922	91.836000	88.250000	99.840000	99.620000	
0.100000	0.227862	0.389960	92.034000	86.920000	99.848000	99.540000	
0.100000	0.222958	0.384455	92.312000	87.610000	99.862000	99.560000	
0.100000	0.224564	0.381146	92.204000	87.380000	99.852000	99.520000	
0.100000	0.222627	0.355989	92.248000	88.500000	99.834000	99.660000	
0.100000	0.229430	0.335250	92.122000	88.790000	99.840000	99.630000	
0.100000	0.220260	0.350727	92.320000	87.930000	99.856000	99.550000	
0.100000	0.217819	0.358024	92.422000	88.380000	99.836000	99.480000	
0.100000	0.219556	0.378227	92.482000	87.380000	99.864000	99.500000	
0.100000	0.215240	0.348217	92.542000	88.470000	99.842000	99.590000	
0.100000	0.216308	0.354688	92.542000	88.070000	99.836000	99.630000	
0.100000	0.216826	0.369737	92.558000	87.520000	99.880000	99.580000	
0.100000	0.219633	0.349120	92.372000	88.250000	99.844000	99.560000	
0.100000	0.212518	0.369600	92.538000	87.700000	99.868000	99.510000	
0.100000	0.212371	0.359743	92.544000	88.210000	99.880000	99.470000	
0.100000	0.212147	0.346719	92.628000	88.420000	99.888000	99.650000	
0.100000	0.212166	0.372377	92.654000	87.890000	99.878000	99.570000	
0.100000	0.212801	0.358139	92.522000	88.350000	99.882000	99.600000	
0.100000	0.209443	0.342039	92.822000	88.870000	99.852000	99.600000	
0.100000	0.202620	0.364382	93.026000	88.780000	99.890000	99.550000	
0.100000	0.210195	0.358547	92.686000	88.390000	99.872000	99.580000	
0.100000	0.200867	0.385098	93.020000	87.100000	99.902000	99.490000	
0.100000	0.205546	0.366499	92.842000	87.730000	99.866000	99.480000	
0.100000	0.206727	0.349043	92.624000	88.630000	99.880000	99.560000	
0.100000	0.204784	0.353749	92.834000	88.180000	99.874000	99.610000	
0.100000	0.208375	0.364873	92.654000	87.710000	99.876000	99.400000	
0.010000	0.106884	0.281305	96.274000	91.330000	99.968000	99.760000	
0.010000	0.076475	0.279183	97.324000	91.550000	99.984000	99.780000	
0.010000	0.066115	0.272262	97.742000	91.900000	99.980000	99.850000	
0.010000	0.060711	0.278015	97.926000	91.800000	99.986000	99.780000	
0.010000	0.055740	0.285993	98.044000	91.900000	99.994000	99.740000	
0.010000	0.050887	0.282848	98.216000	91.840000	99.992000	99.780000	
0.010000	0.047725	0.283387	98.336000	92.010000	99.988000	99.770000	
0.010000	0.044834	0.290640	98.430000	91.910000	99.990000	99.820000	
0.010000	0.041829	0.292087	98.512000	92.040000	99.998000	99.770000	
0.010000	0.039359	0.298346	98.640000	91.930000	99.998000	99.770000	
0.010000	0.037253	0.301491	98.678000	91.890000	99.990000	99.770000	
0.010000	0.034434	0.318794	98.834000	91.570000	99.996000	99.690000	
0.010000	0.033083	0.317821	98.804000	91.500000	99.992000	99.760000	
0.010000	0.031617	0.311868	98.896000	91.840000	99.996000	99.760000	
0.010000	0.028811	0.325074	99.072000	91.750000	100.000000	99.740000	
0.010000	0.030512	0.328775	98.960000	91.580000	99.996000	99.690000	
0.010000	0.028164	0.319484	99.034000	91.700000	100.000000	99.750000	
0.010000	0.027433	0.320751	99.096000	92.010000	99.998000	99.720000	
0.010000	0.026117	0.323066	99.052000	91.770000	99.998000	99.740000	
0.010000	0.023463	0.340035	99.228000	91.750000	100.000000	99.710000	
0.010000	0.023047	0.335051	99.196000	91.690000	99.998000	99.710000	
0.010000	0.023690	0.340741	99.194000	91.790000	99.996000	99.720000	
0.010000	0.023017	0.334351	99.182000	91.750000	99.998000	99.750000	
0.010000	0.021054	0.346140	99.268000	91.630000	100.000000	99.740000	
0.010000	0.020067	0.334362	99.282000	91.730000	99.998000	99.720000	
0.010000	0.019024	0.353326	99.402000	91.660000	99.998000	99.740000	
0.010000	0.020237	0.350032	99.312000	91.650000	99.998000	99.690000	
0.010000	0.019886	0.357725	99.356000	91.680000	100.000000	99.690000	
0.010000	0.017913	0.349340	99.386000	91.780000	100.000000	99.670000	
0.010000	0.017398	0.362074	99.402000	91.570000	100.000000	99.710000	
0.010000	0.017295	0.358005	99.420000	91.690000	99.998000	99.700000	
0.010000	0.017288	0.359209	99.404000	91.720000	100.000000	99.690000	
0.010000	0.016553	0.357120	99.458000	91.670000	100.000000	99.740000	
0.010000	0.016576	0.370812	99.474000	91.420000	100.000000	99.660000	
0.010000	0.016614	0.373053	99.438000	91.580000	100.000000	99.730000	
0.010000	0.016010	0.369715	99.456000	91.480000	100.000000	99.700000	
0.010000	0.015889	0.370032	99.494000	91.630000	99.998000	99.740000	
0.010000	0.014521	0.375592	99.514000	91.470000	99.998000	99.670000	
0.010000	0.013510	0.379675	99.584000	91.570000	100.000000	99.670000	
0.001000	0.012044	0.375972	99.608000	91.600000	100.000000	99.680000	
0.001000	0.010308	0.373702	99.698000	91.720000	100.000000	99.670000	
0.001000	0.010248	0.371318	99.694000	91.710000	100.000000	99.670000	
0.001000	0.009465	0.372900	99.728000	91.700000	99.998000	99.660000	
0.001000	0.008663	0.373190	99.740000	91.770000	100.000000	99.670000	
0.001000	0.009609	0.375598	99.720000	91.730000	100.000000	99.690000	
0.001000	0.008649	0.377242	99.780000	91.720000	100.000000	99.680000	
0.001000	0.008546	0.375841	99.770000	91.730000	100.000000	99.710000	
0.001000	0.008584	0.376757	99.754000	91.740000	100.000000	99.690000	
0.001000	0.008441	0.376774	99.760000	91.680000	100.000000	99.700000	
0.001000	0.008820	0.377172	99.748000	91.620000	99.998000	99.660000	
0.001000	0.008534	0.380386	99.758000	91.690000	99.998000	99.660000	
0.001000	0.008351	0.380464	99.764000	91.730000	100.000000	99.660000	
0.001000	0.008183	0.381427	99.784000	91.730000	100.000000	99.680000	
0.001000	0.008559	0.380021	99.762000	91.640000	100.000000	99.680000	
0.001000	0.008213	0.382374	99.744000	91.670000	99.998000	99.700000	
0.001000	0.008418	0.381003	99.720000	91.670000	100.000000	99.710000	
0.001000	0.007421	0.382346	99.816000	91.760000	100.000000	99.680000	
0.001000	0.007007	0.382783	99.822000	91.780000	100.000000	99.730000	
0.001000	0.007915	0.383096	99.760000	91.730000	100.000000	99.700000	
0.001000	0.006900	0.383111	99.804000	91.800000	100.000000	99.710000	
0.001000	0.007712	0.384375	99.802000	91.680000	100.000000	99.700000	
0.001000	0.007913	0.386330	99.748000	91.790000	100.000000	99.670000	
0.001000	0.008004	0.387773	99.742000	91.670000	100.000000	99.690000	
0.001000	0.008060	0.388076	99.766000	91.720000	100.000000	99.690000	
0.001000	0.007428	0.389270	99.774000	91.750000	100.000000	99.700000	
0.001000	0.006826	0.388966	99.822000	91.670000	99.998000	99.680000	
0.001000	0.007684	0.387949	99.776000	91.690000	100.000000	99.690000	
0.001000	0.008064	0.386745	99.770000	91.710000	100.000000	99.680000	
0.001000	0.007079	0.389134	99.850000	91.770000	100.000000	99.710000	
0.001000	0.007278	0.390752	99.794000	91.660000	100.000000	99.710000	
0.001000	0.007176	0.393097	99.810000	91.760000	100.000000	99.720000	
0.001000	0.007089	0.390751	99.796000	91.650000	100.000000	99.730000	
0.001000	0.006794	0.389362	99.800000	91.710000	100.000000	99.720000	
0.001000	0.007760	0.386658	99.778000	91.850000	100.000000	99.700000	
0.001000	0.007425	0.389404	99.782000	91.720000	100.000000	99.690000	
0.001000	0.007058	0.390971	99.788000	91.700000	100.000000	99.710000	
0.001000	0.007524	0.393425	99.776000	91.670000	100.000000	99.710000	
0.001000	0.007559	0.392370	99.770000	91.760000	99.998000	99.700000	
0.001000	0.006502	0.393870	99.826000	91.800000	100.000000	99.690000	
0.001000	0.006642	0.393016	99.820000	91.750000	100.000000	99.690000	
0.001000	0.006623	0.395546	99.830000	91.670000	100.000000	99.700000	
0.001000	0.007189	0.394251	99.782000	91.720000	100.000000	99.700000	
0.001000	0.006580	0.396373	99.796000	91.680000	99.998000	99.700000	
