Learning Rate	Train Loss	Valid Loss	Train Acc.	Valid Acc.	Train Acc.5	Valid Acc.5	
0.100000	1.757673	1.450667	33.250000	48.470000	85.818000	92.760000	
0.100000	1.249697	1.139637	54.824000	60.910000	94.542000	95.870000	
0.100000	0.962593	0.892872	66.058000	68.910000	96.928000	97.840000	
0.100000	0.788343	0.751007	72.966000	73.750000	98.012000	98.240000	
0.100000	0.688228	0.715754	76.178000	75.960000	98.508000	98.370000	
0.100000	0.608716	0.596268	78.900000	79.290000	98.752000	98.750000	
0.100000	0.569076	0.582689	80.490000	80.140000	98.962000	99.020000	
0.100000	0.532721	0.563826	81.770000	80.840000	99.108000	98.990000	
0.100000	0.503419	0.562797	82.542000	80.740000	99.180000	98.960000	
0.100000	0.478116	0.516606	83.528000	82.420000	99.258000	99.190000	
0.100000	0.455689	0.501544	84.364000	82.960000	99.308000	99.210000	
0.100000	0.435958	0.468436	84.976000	84.270000	99.390000	99.340000	
0.100000	0.424975	0.484094	85.226000	83.980000	99.378000	99.330000	
0.100000	0.410232	0.477390	85.864000	84.130000	99.484000	99.320000	
0.100000	0.394780	0.460295	86.534000	83.780000	99.554000	99.310000	
0.100000	0.376818	0.470021	87.142000	84.150000	99.518000	99.290000	
0.100000	0.372472	0.506297	87.304000	82.930000	99.534000	99.200000	
0.100000	0.369489	0.450470	87.224000	85.130000	99.576000	99.320000	
0.100000	0.355786	0.438132	87.798000	84.850000	99.578000	99.360000	
0.100000	0.343308	0.460719	87.998000	84.680000	99.650000	99.250000	
0.100000	0.334282	0.425116	88.478000	85.700000	99.646000	99.400000	
0.100000	0.330826	0.415071	88.514000	85.760000	99.654000	99.460000	
0.100000	0.324330	0.442027	88.742000	85.060000	99.660000	99.440000	
0.100000	0.324112	0.414115	88.812000	85.880000	99.652000	99.370000	
0.100000	0.312481	0.403125	89.198000	86.340000	99.734000	99.500000	
0.100000	0.306448	0.390132	89.344000	86.990000	99.714000	99.420000	
0.100000	0.302565	0.439928	89.504000	84.770000	99.704000	99.400000	
0.100000	0.299149	0.423553	89.698000	85.460000	99.740000	99.360000	
0.100000	0.300784	0.406785	89.472000	86.250000	99.730000	99.510000	
0.100000	0.287322	0.399383	90.038000	86.560000	99.746000	99.380000	
0.100000	0.290129	0.425700	89.768000	85.370000	99.768000	99.510000	
0.100000	0.284527	0.438391	90.302000	84.990000	99.734000	99.380000	
0.100000	0.276644	0.435621	90.344000	85.520000	99.784000	99.400000	
0.100000	0.272047	0.440669	90.582000	85.600000	99.760000	99.360000	
0.100000	0.267030	0.381434	90.688000	87.470000	99.782000	99.480000	
0.100000	0.266109	0.407549	90.854000	86.210000	99.772000	99.360000	
0.100000	0.268551	0.388936	90.636000	86.490000	99.812000	99.590000	
0.100000	0.262796	0.387068	90.960000	86.800000	99.796000	99.430000	
0.100000	0.254625	0.413948	91.172000	86.160000	99.792000	99.430000	
0.100000	0.258574	0.373831	91.060000	87.770000	99.786000	99.460000	
0.100000	0.256638	0.381928	91.130000	87.090000	99.802000	99.540000	
0.100000	0.252425	0.387309	91.214000	87.150000	99.792000	99.540000	
0.100000	0.249952	0.397984	91.224000	86.700000	99.818000	99.450000	
0.100000	0.249131	0.375259	91.346000	87.260000	99.834000	99.520000	
0.100000	0.245654	0.374546	91.362000	87.130000	99.806000	99.560000	
0.100000	0.241803	0.363226	91.618000	87.600000	99.818000	99.490000	
0.100000	0.243560	0.413945	91.508000	86.050000	99.882000	99.440000	
0.100000	0.240942	0.404766	91.642000	86.150000	99.814000	99.390000	
0.100000	0.242190	0.404573	91.486000	86.470000	99.794000	99.380000	
0.100000	0.240189	0.382451	91.674000	86.950000	99.832000	99.370000	
0.100000	0.239980	0.385286	91.648000	87.250000	99.850000	99.530000	
0.100000	0.231091	0.391685	91.974000	87.310000	99.850000	99.540000	
0.100000	0.228504	0.369702	92.040000	87.820000	99.862000	99.510000	
0.100000	0.230110	0.356941	91.988000	87.890000	99.846000	99.520000	
0.100000	0.231946	0.362701	91.992000	88.240000	99.846000	99.580000	
0.100000	0.225313	0.376612	92.092000	87.900000	99.836000	99.630000	
0.100000	0.228273	0.364877	91.956000	87.780000	99.860000	99.540000	
0.100000	0.226072	0.377564	92.130000	87.150000	99.842000	99.460000	
0.100000	0.228028	0.363961	92.090000	87.720000	99.848000	99.590000	
0.100000	0.227916	0.350928	92.022000	87.950000	99.860000	99.570000	
0.100000	0.220522	0.334779	92.332000	88.400000	99.854000	99.550000	
0.100000	0.222078	0.350095	92.172000	88.230000	99.874000	99.610000	
0.100000	0.217452	0.374636	92.360000	87.470000	99.864000	99.550000	
0.100000	0.223483	0.359203	92.298000	87.960000	99.880000	99.520000	
0.100000	0.213694	0.383943	92.622000	87.810000	99.858000	99.570000	
0.100000	0.218577	0.389593	92.316000	87.020000	99.880000	99.540000	
0.100000	0.220834	0.351533	92.362000	88.490000	99.862000	99.590000	
0.100000	0.217917	0.367819	92.424000	88.400000	99.868000	99.690000	
0.100000	0.216168	0.383264	92.418000	87.300000	99.868000	99.420000	
0.100000	0.223453	0.344394	92.126000	88.510000	99.862000	99.540000	
0.100000	0.217650	0.377263	92.416000	87.670000	99.894000	99.590000	
0.100000	0.210988	0.346304	92.732000	88.390000	99.862000	99.510000	
0.100000	0.206233	0.371861	92.834000	87.750000	99.858000	99.530000	
0.100000	0.210951	0.368065	92.720000	88.160000	99.880000	99.600000	
0.100000	0.208954	0.345400	92.566000	88.830000	99.854000	99.600000	
0.100000	0.206525	0.377363	92.872000	87.780000	99.862000	99.500000	
0.100000	0.204319	0.354650	92.908000	88.770000	99.886000	99.500000	
0.100000	0.212109	0.357645	92.530000	87.960000	99.868000	99.500000	
0.100000	0.207563	0.360491	92.852000	87.850000	99.884000	99.500000	
0.100000	0.208663	0.370890	92.654000	87.550000	99.890000	99.520000	
0.100000	0.210190	0.357549	92.660000	87.770000	99.892000	99.610000	
0.010000	0.110121	0.270392	96.228000	91.440000	99.956000	99.710000	
0.010000	0.076494	0.275449	97.372000	91.730000	99.982000	99.800000	
0.010000	0.068748	0.273146	97.556000	91.770000	99.974000	99.760000	
0.010000	0.063105	0.286932	97.786000	91.640000	99.986000	99.760000	
0.010000	0.055338	0.284661	98.002000	91.740000	99.990000	99.790000	
0.010000	0.051702	0.282371	98.206000	91.880000	99.988000	99.770000	
0.010000	0.047844	0.293214	98.376000	91.820000	99.996000	99.700000	
0.010000	0.045385	0.293030	98.472000	91.760000	99.994000	99.780000	
0.010000	0.043999	0.298013	98.470000	91.910000	99.990000	99.760000	
0.010000	0.042087	0.289012	98.536000	91.910000	99.990000	99.770000	
0.010000	0.037664	0.302802	98.716000	91.920000	99.992000	99.750000	
0.010000	0.037185	0.308000	98.680000	91.950000	99.990000	99.760000	
0.010000	0.035541	0.316518	98.816000	91.700000	99.994000	99.740000	
0.010000	0.032260	0.321119	98.884000	91.680000	99.990000	99.790000	
0.010000	0.034009	0.309805	98.780000	91.910000	99.994000	99.750000	
0.010000	0.030637	0.327108	98.980000	91.860000	99.996000	99.750000	
0.010000	0.028639	0.319868	99.030000	91.980000	99.996000	99.740000	
0.010000	0.027278	0.323145	99.120000	91.960000	99.996000	99.740000	
0.010000	0.028006	0.328473	99.064000	91.990000	99.992000	99.700000	
0.010000	0.026226	0.328512	99.122000	91.850000	99.990000	99.720000	
0.010000	0.024900	0.331844	99.140000	91.920000	99.998000	99.710000	
0.010000	0.022895	0.345306	99.222000	91.790000	99.998000	99.720000	
0.010000	0.024895	0.335476	99.150000	91.790000	99.998000	99.700000	
0.010000	0.022412	0.336987	99.228000	92.020000	100.000000	99.730000	
0.010000	0.021787	0.359047	99.218000	91.700000	100.000000	99.700000	
0.010000	0.020715	0.341508	99.248000	91.970000	99.998000	99.740000	
0.010000	0.021487	0.339165	99.302000	91.670000	99.998000	99.790000	
0.010000	0.020279	0.347379	99.308000	91.910000	100.000000	99.760000	
0.010000	0.018787	0.356982	99.368000	91.890000	99.998000	99.770000	
0.010000	0.019873	0.356524	99.348000	91.730000	100.000000	99.740000	
0.010000	0.018151	0.365037	99.390000	91.950000	100.000000	99.780000	
0.010000	0.018631	0.355686	99.382000	91.830000	100.000000	99.730000	
0.010000	0.017104	0.361893	99.412000	91.890000	99.996000	99.750000	
0.010000	0.018324	0.361082	99.374000	91.890000	100.000000	99.730000	
0.010000	0.016722	0.374261	99.456000	91.570000	99.998000	99.760000	
0.010000	0.016636	0.361623	99.462000	91.830000	100.000000	99.780000	
0.010000	0.016270	0.357609	99.450000	91.940000	100.000000	99.780000	
0.010000	0.016148	0.359696	99.482000	91.810000	99.998000	99.750000	
0.010000	0.015392	0.370149	99.476000	91.570000	100.000000	99.760000	
0.001000	0.012447	0.362785	99.602000	91.820000	100.000000	99.750000	
0.001000	0.012138	0.365255	99.638000	91.840000	100.000000	99.730000	
0.001000	0.011580	0.363284	99.636000	91.970000	100.000000	99.730000	
0.001000	0.011145	0.363946	99.656000	92.060000	100.000000	99.750000	
0.001000	0.009705	0.364557	99.724000	91.930000	100.000000	99.740000	
0.001000	0.011009	0.364833	99.652000	92.040000	100.000000	99.750000	
0.001000	0.009541	0.365748	99.720000	92.070000	100.000000	99.730000	
0.001000	0.009420	0.367945	99.700000	92.070000	100.000000	99.740000	
0.001000	0.009504	0.368855	99.726000	92.040000	100.000000	99.750000	
0.001000	0.009218	0.369537	99.740000	92.060000	100.000000	99.750000	
0.001000	0.008802	0.369961	99.746000	92.030000	100.000000	99.750000	
0.001000	0.010010	0.370436	99.692000	92.060000	100.000000	99.750000	
0.001000	0.008827	0.372378	99.732000	92.070000	100.000000	99.750000	
0.001000	0.008761	0.375279	99.720000	92.020000	100.000000	99.750000	
0.001000	0.008964	0.373909	99.738000	91.930000	100.000000	99.750000	
0.001000	0.008980	0.374492	99.750000	91.970000	100.000000	99.740000	
0.001000	0.009305	0.376595	99.734000	92.010000	100.000000	99.750000	
0.001000	0.008864	0.375320	99.740000	91.950000	100.000000	99.740000	
0.001000	0.009102	0.377796	99.762000	91.920000	100.000000	99.750000	
0.001000	0.009162	0.375621	99.726000	92.050000	100.000000	99.760000	
0.001000	0.008169	0.377460	99.770000	92.030000	100.000000	99.740000	
0.001000	0.008252	0.376247	99.760000	92.050000	100.000000	99.760000	
0.001000	0.008452	0.378193	99.760000	92.060000	100.000000	99.770000	
0.001000	0.008157	0.378745	99.796000	92.090000	100.000000	99.760000	
0.001000	0.007948	0.380986	99.778000	91.990000	100.000000	99.770000	
0.001000	0.007806	0.378984	99.774000	92.080000	100.000000	99.750000	
0.001000	0.007252	0.380975	99.796000	92.050000	100.000000	99.740000	
0.001000	0.008485	0.382328	99.746000	91.970000	100.000000	99.750000	
0.001000	0.007203	0.380558	99.814000	92.070000	100.000000	99.750000	
0.001000	0.007809	0.380888	99.778000	91.990000	100.000000	99.760000	
0.001000	0.007661	0.384302	99.784000	91.970000	100.000000	99.760000	
0.001000	0.007861	0.381201	99.790000	92.080000	100.000000	99.760000	
0.001000	0.007997	0.382974	99.776000	92.010000	100.000000	99.760000	
0.001000	0.007866	0.383893	99.764000	91.920000	100.000000	99.760000	
0.001000	0.008033	0.380901	99.772000	92.100000	100.000000	99.760000	
0.001000	0.007504	0.381610	99.798000	92.010000	100.000000	99.760000	
0.001000	0.007935	0.385214	99.782000	91.980000	100.000000	99.760000	
0.001000	0.008030	0.382918	99.750000	91.920000	100.000000	99.750000	
0.001000	0.007139	0.384218	99.810000	91.930000	100.000000	99.760000	
0.001000	0.007644	0.386733	99.798000	91.950000	100.000000	99.750000	
0.001000	0.007928	0.384685	99.770000	91.970000	100.000000	99.760000	
0.001000	0.008197	0.382234	99.780000	92.030000	100.000000	99.770000	
0.001000	0.006952	0.382479	99.782000	92.000000	100.000000	99.760000	
0.001000	0.007168	0.385302	99.796000	92.040000	100.000000	99.770000	
