Learning Rate	Train Loss	Valid Loss	Train Acc.	Valid Acc.	Train Acc.5	Valid Acc.5	
0.100000	4.192259	3.836291	4.956000	9.500000	19.076000	30.820000	
0.100000	3.551869	3.214545	13.872000	19.300000	39.708000	48.520000	
0.100000	3.014483	2.823358	23.666000	27.210000	54.766000	58.590000	
0.100000	2.635195	2.515713	31.270000	34.520000	63.990000	67.860000	
0.100000	2.375959	2.270860	36.744000	39.070000	70.132000	72.700000	
0.100000	2.185164	2.161258	41.008000	41.670000	74.096000	74.210000	
0.100000	2.047318	2.064435	44.364000	44.280000	76.862000	76.410000	
0.100000	1.928144	2.006209	47.188000	46.080000	79.052000	78.370000	
0.100000	1.839080	1.963341	48.756000	46.510000	80.834000	78.640000	
0.100000	1.752372	1.826731	51.068000	50.010000	82.212000	80.790000	
0.100000	1.711991	1.807435	52.270000	49.710000	83.076000	81.400000	
0.100000	1.667396	1.757006	53.348000	51.300000	83.928000	82.140000	
0.100000	1.611275	1.688490	54.440000	52.690000	84.744000	83.060000	
0.100000	1.580245	1.780612	55.478000	50.280000	85.114000	81.540000	
0.100000	1.542836	1.716478	55.906000	52.280000	85.872000	82.780000	
0.100000	1.504941	1.669193	57.252000	53.440000	86.380000	83.970000	
0.100000	1.477241	1.736749	57.878000	51.750000	87.028000	82.880000	
0.100000	1.463825	1.627069	58.228000	54.370000	87.200000	84.450000	
0.100000	1.433678	1.652418	59.058000	54.230000	87.442000	83.670000	
0.100000	1.413452	1.642640	59.584000	54.500000	87.876000	83.940000	
0.100000	1.393028	1.585075	59.796000	56.450000	88.116000	85.270000	
0.100000	1.371952	1.618701	60.704000	55.060000	88.270000	84.280000	
0.100000	1.374330	1.518195	60.604000	57.200000	88.160000	86.010000	
0.100000	1.349411	1.609617	61.382000	55.190000	88.594000	84.440000	
0.100000	1.329064	1.569247	61.634000	56.060000	89.112000	85.170000	
0.100000	1.318003	1.544777	62.066000	56.790000	89.184000	85.590000	
0.100000	1.298682	1.591246	62.316000	55.530000	89.536000	84.880000	
0.100000	1.294426	1.488179	62.604000	57.850000	89.614000	86.340000	
0.100000	1.290485	1.611418	62.680000	55.390000	89.496000	84.840000	
0.100000	1.278888	1.547751	62.950000	56.960000	89.692000	85.180000	
0.100000	1.266279	1.547072	63.302000	56.890000	89.824000	85.460000	
0.100000	1.246574	1.519776	63.514000	57.650000	90.284000	85.830000	
0.100000	1.248561	1.526796	63.916000	57.450000	90.152000	85.890000	
0.100000	1.249121	1.540276	63.628000	56.910000	90.242000	85.510000	
0.100000	1.233670	1.491122	64.122000	59.050000	90.344000	86.050000	
0.100000	1.228944	1.522493	64.568000	58.140000	90.416000	85.820000	
0.100000	1.210810	1.502033	64.806000	58.080000	90.694000	86.400000	
0.100000	1.193927	1.566144	65.132000	56.530000	90.740000	85.770000	
0.100000	1.196723	1.500331	65.082000	58.360000	90.864000	86.080000	
0.100000	1.196958	1.463174	64.836000	59.310000	90.854000	86.790000	
0.100000	1.188803	1.542127	65.338000	57.670000	90.940000	86.280000	
0.100000	1.190745	1.472768	65.126000	58.790000	90.986000	87.030000	
0.100000	1.190488	1.554460	65.298000	58.110000	90.920000	86.220000	
0.100000	1.163258	1.518275	66.034000	57.860000	91.186000	85.950000	
0.100000	1.163556	1.545382	65.870000	57.360000	91.340000	85.280000	
0.100000	1.161901	1.555907	66.078000	57.220000	91.220000	86.340000	
0.100000	1.155999	1.470630	66.006000	59.230000	91.606000	86.670000	
0.100000	1.159093	1.500513	66.086000	58.510000	91.588000	86.270000	
0.100000	1.143674	1.474728	66.606000	59.550000	91.592000	86.580000	
0.100000	1.152838	1.492071	66.184000	58.380000	91.548000	86.180000	
0.100000	1.144933	1.507322	66.578000	59.180000	91.530000	86.430000	
0.100000	1.139018	1.473814	66.778000	59.030000	91.718000	86.490000	
0.100000	1.139691	1.504622	66.612000	58.320000	91.634000	85.700000	
0.100000	1.143323	1.491827	66.390000	59.590000	91.552000	86.210000	
0.100000	1.121025	1.441296	67.104000	59.310000	91.842000	87.020000	
0.100000	1.122325	1.501275	67.222000	58.000000	91.794000	85.840000	
0.100000	1.120141	1.437565	67.176000	59.620000	91.772000	87.180000	
0.100000	1.100564	1.464933	67.848000	58.900000	92.164000	86.420000	
0.100000	1.116977	1.532125	67.208000	58.790000	91.998000	86.580000	
0.100000	1.117824	1.449958	67.346000	59.020000	91.950000	86.810000	
0.100000	1.109241	1.480517	67.508000	58.450000	92.134000	86.550000	
0.100000	1.114154	1.456607	67.170000	59.250000	91.962000	86.550000	
0.100000	1.105992	1.475707	67.592000	59.110000	92.030000	86.600000	
0.100000	1.108445	1.486429	67.588000	60.450000	92.134000	87.080000	
0.100000	1.099912	1.484826	67.800000	59.290000	92.160000	86.600000	
0.100000	1.085865	1.478239	68.152000	58.550000	92.180000	86.500000	
0.100000	1.105412	1.506452	67.474000	58.560000	92.140000	86.520000	
0.100000	1.089931	1.462153	67.948000	59.400000	92.150000	86.470000	
0.100000	1.088380	1.446556	68.004000	60.000000	92.152000	86.730000	
0.100000	1.087552	1.479574	67.844000	59.170000	92.362000	86.140000	
0.100000	1.078006	1.443458	68.144000	59.680000	92.474000	86.750000	
0.100000	1.087709	1.429743	68.138000	59.990000	92.192000	87.070000	
0.100000	1.079701	1.455768	68.034000	59.650000	92.500000	86.670000	
0.100000	1.081771	1.452357	68.136000	59.300000	92.436000	87.060000	
0.100000	1.086598	1.452584	68.150000	59.610000	92.286000	86.590000	
0.100000	1.072147	1.465810	68.262000	59.120000	92.600000	87.060000	
0.100000	1.079842	1.456134	68.052000	60.020000	92.436000	86.870000	
0.100000	1.079103	1.429574	67.958000	60.320000	92.462000	87.190000	
0.100000	1.067748	1.444919	68.438000	60.290000	92.474000	86.970000	
0.100000	1.058259	1.454976	68.988000	59.560000	92.720000	87.020000	
0.100000	1.061855	1.392512	68.454000	61.030000	92.670000	87.560000	
0.010000	0.677744	1.163209	79.176000	67.780000	96.438000	90.900000	
0.010000	0.579135	1.172078	82.084000	67.670000	97.214000	91.070000	
0.010000	0.543282	1.159633	83.102000	67.870000	97.524000	91.150000	
0.010000	0.514500	1.182961	83.902000	67.630000	97.764000	91.170000	
0.010000	0.495061	1.166374	84.486000	68.000000	97.910000	90.930000	
0.010000	0.473067	1.180981	84.996000	67.760000	98.118000	91.190000	
0.010000	0.461163	1.180983	85.324000	67.760000	98.188000	91.510000	
0.010000	0.449145	1.205030	85.778000	68.060000	98.238000	91.220000	
0.010000	0.433606	1.226380	86.106000	67.840000	98.404000	91.070000	
0.010000	0.428095	1.251049	86.388000	67.690000	98.408000	90.670000	
0.010000	0.409087	1.276070	86.852000	67.650000	98.628000	90.800000	
0.010000	0.398925	1.260134	87.164000	67.770000	98.612000	91.070000	
0.010000	0.398501	1.268857	87.208000	67.610000	98.636000	91.000000	
0.010000	0.387142	1.291544	87.486000	67.580000	98.722000	90.900000	
0.010000	0.372661	1.333003	87.972000	67.290000	98.784000	90.600000	
0.010000	0.367038	1.321864	88.092000	67.490000	98.808000	90.350000	
0.010000	0.361523	1.341478	88.356000	67.680000	98.894000	90.880000	
0.010000	0.355526	1.292836	88.292000	67.640000	98.856000	90.930000	
0.010000	0.348441	1.348747	88.590000	67.270000	99.008000	90.430000	
0.010000	0.334611	1.365503	89.036000	67.270000	99.066000	90.710000	
0.010000	0.332245	1.315896	89.102000	67.750000	99.094000	91.090000	
0.010000	0.331333	1.336182	89.210000	67.370000	99.108000	90.640000	
0.010000	0.321167	1.388488	89.382000	66.950000	99.154000	90.410000	
0.010000	0.317896	1.364672	89.504000	67.360000	99.198000	90.640000	
0.010000	0.312524	1.391653	89.610000	67.400000	99.180000	90.250000	
0.010000	0.305684	1.402175	89.980000	67.280000	99.250000	90.240000	
0.010000	0.299731	1.412330	90.078000	66.870000	99.310000	90.520000	
0.010000	0.294559	1.444218	90.154000	67.200000	99.344000	90.210000	
0.010000	0.294470	1.397843	90.174000	67.380000	99.270000	90.400000	
0.010000	0.286518	1.474607	90.440000	66.480000	99.366000	89.810000	
0.010000	0.281733	1.461382	90.590000	66.870000	99.384000	90.390000	
0.010000	0.281252	1.468615	90.542000	66.620000	99.450000	90.440000	
0.010000	0.271865	1.469316	91.056000	66.770000	99.424000	89.960000	
0.010000	0.271457	1.455470	90.992000	66.620000	99.442000	90.190000	
0.010000	0.268787	1.535024	91.040000	66.500000	99.424000	90.060000	
0.010000	0.262852	1.527530	91.246000	66.270000	99.508000	89.930000	
0.010000	0.262333	1.507080	91.180000	66.170000	99.510000	90.200000	
0.010000	0.255667	1.504105	91.332000	66.710000	99.510000	90.160000	
0.010000	0.252339	1.572543	91.514000	66.390000	99.552000	89.970000	
0.001000	0.207712	1.553799	93.122000	66.940000	99.644000	90.210000	
0.001000	0.186384	1.588455	93.852000	67.130000	99.694000	90.300000	
0.001000	0.179258	1.595136	94.104000	67.170000	99.716000	90.260000	
0.001000	0.175963	1.597088	94.214000	67.490000	99.762000	90.410000	
0.001000	0.174014	1.629813	94.272000	67.230000	99.718000	90.260000	
0.001000	0.170594	1.625661	94.424000	67.050000	99.758000	90.350000	
0.001000	0.167922	1.629287	94.438000	67.230000	99.740000	90.420000	
0.001000	0.164933	1.639704	94.596000	67.170000	99.762000	90.300000	
0.001000	0.163817	1.644030	94.496000	67.160000	99.766000	90.280000	
0.001000	0.161365	1.639140	94.682000	67.450000	99.746000	90.140000	
0.001000	0.158104	1.671580	94.670000	67.060000	99.816000	90.330000	
0.001000	0.156556	1.667279	94.842000	67.330000	99.798000	90.240000	
0.001000	0.157243	1.676485	94.808000	67.250000	99.774000	90.400000	
0.001000	0.151789	1.686642	94.928000	67.070000	99.810000	90.310000	
0.001000	0.152928	1.674178	94.990000	67.040000	99.782000	90.330000	
0.001000	0.149172	1.681730	95.120000	67.160000	99.822000	90.460000	
0.001000	0.152935	1.683503	94.854000	67.360000	99.834000	90.280000	
0.001000	0.149055	1.702355	95.140000	67.010000	99.824000	90.240000	
0.001000	0.153099	1.706486	94.838000	67.010000	99.776000	90.170000	
0.001000	0.145541	1.708200	95.168000	67.140000	99.816000	90.130000	
0.001000	0.147270	1.711492	95.114000	67.170000	99.792000	90.100000	
0.001000	0.141623	1.729592	95.358000	66.960000	99.840000	90.070000	
0.001000	0.144193	1.724737	95.188000	67.040000	99.830000	90.130000	
0.001000	0.141287	1.730156	95.162000	67.100000	99.846000	90.170000	
0.001000	0.142810	1.729131	95.224000	67.010000	99.846000	90.120000	
0.001000	0.144071	1.738165	95.160000	66.940000	99.828000	90.020000	
0.001000	0.143706	1.752681	95.186000	66.790000	99.844000	90.150000	
0.001000	0.137941	1.748101	95.252000	67.070000	99.848000	90.040000	
0.001000	0.137869	1.750929	95.342000	67.120000	99.856000	90.050000	
0.001000	0.135927	1.768392	95.446000	67.080000	99.832000	90.090000	
0.001000	0.138446	1.763038	95.366000	67.000000	99.850000	90.110000	
0.001000	0.138771	1.770361	95.338000	66.910000	99.860000	90.190000	
0.001000	0.134897	1.764086	95.612000	66.870000	99.866000	90.110000	
0.001000	0.132865	1.773344	95.532000	67.010000	99.854000	90.140000	
0.001000	0.134539	1.788608	95.468000	67.020000	99.868000	90.000000	
0.001000	0.128669	1.790307	95.708000	67.030000	99.874000	90.090000	
0.001000	0.134742	1.792283	95.430000	67.000000	99.848000	90.150000	
0.001000	0.131401	1.786049	95.714000	67.120000	99.858000	90.180000	
0.001000	0.129125	1.784007	95.792000	67.170000	99.874000	90.210000	
0.001000	0.128809	1.799002	95.764000	66.990000	99.862000	90.330000	
0.001000	0.130364	1.811808	95.618000	66.870000	99.880000	90.240000	
0.001000	0.130620	1.807259	95.606000	66.740000	99.856000	90.010000	
0.001000	0.129772	1.817907	95.694000	66.910000	99.842000	89.990000	
0.001000	0.127557	1.812279	95.730000	66.840000	99.864000	90.160000	
