Learning Rate	Train Loss	Valid Loss	Train Acc.	Valid Acc.	Train Acc.5	Valid Acc.5	
0.100000	1.622505	1.437517	39.076000	49.080000	88.254000	93.460000	
0.100000	1.084168	0.886971	61.320000	68.610000	96.180000	97.600000	
0.100000	0.846885	0.930932	70.128000	68.850000	97.784000	97.520000	
0.100000	0.745831	0.734029	74.284000	74.830000	98.234000	98.380000	
0.100000	0.674233	0.648707	76.666000	77.750000	98.618000	98.700000	
0.100000	0.625321	0.612905	78.522000	79.390000	98.790000	98.840000	
0.100000	0.585419	0.591011	79.838000	79.750000	98.896000	98.800000	
0.100000	0.550324	0.585388	81.032000	80.610000	99.048000	98.920000	
0.100000	0.533302	0.584077	81.638000	81.420000	99.026000	99.110000	
0.100000	0.512063	0.536153	82.510000	81.650000	99.128000	99.050000	
0.100000	0.493045	0.628064	83.074000	80.950000	99.200000	98.990000	
0.100000	0.477230	0.559518	83.616000	80.950000	99.244000	99.080000	
0.100000	0.466919	0.540513	84.078000	81.150000	99.302000	99.220000	
0.100000	0.460005	0.551219	84.192000	82.540000	99.348000	99.120000	
0.100000	0.448131	0.528929	84.512000	82.090000	99.350000	99.120000	
0.100000	0.443704	0.514219	84.822000	83.250000	99.418000	99.220000	
0.100000	0.424389	0.465496	85.428000	84.150000	99.412000	99.310000	
0.100000	0.420802	0.508016	85.570000	83.020000	99.418000	99.250000	
0.100000	0.410961	0.472206	85.854000	84.200000	99.424000	99.240000	
0.100000	0.409233	0.543117	85.928000	83.540000	99.472000	99.320000	
0.100000	0.398579	0.475585	86.488000	84.110000	99.500000	99.190000	
0.100000	0.398452	0.494203	86.410000	82.720000	99.508000	99.270000	
0.100000	0.387445	0.470245	86.790000	84.320000	99.538000	99.340000	
0.100000	0.387086	0.459095	86.618000	84.760000	99.552000	99.260000	
0.100000	0.382680	0.447951	86.738000	84.800000	99.562000	99.330000	
0.100000	0.376562	0.535852	87.054000	83.220000	99.546000	99.190000	
0.100000	0.375099	0.445026	87.026000	84.990000	99.556000	99.410000	
0.100000	0.368427	0.465464	87.334000	84.420000	99.592000	99.250000	
0.100000	0.368086	0.464473	87.194000	84.370000	99.630000	99.400000	
0.100000	0.361463	0.452397	87.544000	84.710000	99.592000	99.310000	
0.100000	0.358481	0.458392	87.602000	84.920000	99.608000	99.340000	
0.100000	0.363671	0.425435	87.444000	85.930000	99.558000	99.360000	
0.100000	0.356184	0.435345	87.802000	85.460000	99.616000	99.410000	
0.100000	0.346346	0.426243	87.960000	85.330000	99.618000	99.350000	
0.100000	0.349987	0.491591	87.834000	84.250000	99.616000	99.350000	
0.100000	0.340165	0.442259	88.232000	86.260000	99.618000	99.460000	
0.100000	0.344146	0.412489	87.970000	86.470000	99.690000	99.440000	
0.100000	0.344420	0.409205	88.224000	85.850000	99.646000	99.480000	
0.100000	0.334015	0.439849	88.530000	85.430000	99.614000	99.350000	
0.100000	0.328880	0.408652	88.662000	85.830000	99.690000	99.450000	
0.100000	0.334183	0.405673	88.496000	86.590000	99.644000	99.420000	
0.100000	0.330382	0.465899	88.544000	84.930000	99.644000	99.200000	
0.100000	0.324149	0.468946	88.938000	84.900000	99.672000	99.380000	
0.100000	0.323595	0.411276	88.850000	85.910000	99.684000	99.510000	
0.100000	0.322015	0.541121	88.884000	85.320000	99.684000	99.260000	
0.100000	0.326427	0.415245	88.802000	86.140000	99.700000	99.430000	
0.100000	0.318404	0.405293	88.968000	86.540000	99.692000	99.470000	
0.100000	0.326301	0.453106	88.754000	85.750000	99.676000	99.410000	
0.100000	0.319463	0.402283	89.096000	86.410000	99.672000	99.580000	
0.100000	0.316292	0.409186	89.108000	86.350000	99.708000	99.400000	
0.100000	0.318714	0.396337	89.102000	86.780000	99.692000	99.430000	
0.100000	0.309699	0.398213	89.394000	86.550000	99.724000	99.430000	
0.100000	0.312035	0.402223	89.124000	86.250000	99.726000	99.420000	
0.100000	0.312538	0.405889	89.052000	86.660000	99.692000	99.530000	
0.100000	0.307472	0.460466	89.350000	84.620000	99.700000	99.400000	
0.100000	0.313467	0.400301	89.208000	86.690000	99.690000	99.490000	
0.100000	0.307330	0.418225	89.496000	86.350000	99.740000	99.500000	
0.100000	0.309427	0.457345	89.294000	85.220000	99.722000	99.420000	
0.100000	0.302489	0.417700	89.482000	85.870000	99.704000	99.400000	
0.100000	0.311819	0.445185	89.252000	84.640000	99.736000	99.470000	
0.100000	0.302815	0.439713	89.554000	85.700000	99.688000	99.400000	
0.100000	0.303701	0.373317	89.552000	87.300000	99.748000	99.500000	
0.100000	0.298226	0.384468	89.798000	87.090000	99.728000	99.550000	
0.100000	0.296953	0.410466	89.822000	86.210000	99.718000	99.490000	
0.100000	0.296879	0.431946	89.782000	86.170000	99.696000	99.390000	
0.100000	0.299495	0.436980	89.556000	85.620000	99.688000	99.450000	
0.100000	0.303667	0.373923	89.534000	87.250000	99.746000	99.550000	
0.100000	0.291136	0.462953	89.936000	85.480000	99.750000	99.250000	
0.100000	0.299927	0.412034	89.622000	86.650000	99.722000	99.490000	
0.100000	0.295190	0.387014	89.760000	87.010000	99.722000	99.450000	
0.100000	0.292350	0.394883	90.020000	87.150000	99.756000	99.580000	
0.100000	0.294306	0.392257	89.970000	86.870000	99.710000	99.440000	
0.100000	0.282537	0.385580	90.240000	86.730000	99.776000	99.380000	
0.100000	0.289687	0.374645	89.994000	87.650000	99.768000	99.460000	
0.100000	0.284166	0.379199	90.078000	87.380000	99.750000	99.550000	
0.100000	0.291276	0.410109	89.878000	86.300000	99.772000	99.420000	
0.100000	0.289111	0.388567	89.956000	86.750000	99.742000	99.530000	
0.100000	0.290234	0.439945	90.054000	85.430000	99.760000	99.400000	
0.100000	0.290966	0.392172	89.988000	86.650000	99.792000	99.600000	
0.100000	0.281748	0.360142	90.290000	87.910000	99.750000	99.620000	
0.100000	0.289035	0.412882	90.032000	85.740000	99.746000	99.460000	
0.010000	0.171106	0.288485	94.018000	90.170000	99.908000	99.670000	
0.010000	0.140693	0.280332	95.130000	90.530000	99.930000	99.770000	
0.010000	0.128320	0.283543	95.466000	90.370000	99.944000	99.760000	
0.010000	0.124591	0.278790	95.668000	90.860000	99.948000	99.760000	
0.010000	0.112446	0.275994	96.028000	90.670000	99.966000	99.740000	
0.010000	0.110226	0.277580	96.158000	90.870000	99.966000	99.690000	
0.010000	0.103436	0.276832	96.296000	90.880000	99.966000	99.710000	
0.010000	0.099454	0.283865	96.506000	90.740000	99.962000	99.750000	
0.010000	0.098041	0.279836	96.488000	90.940000	99.960000	99.720000	
0.010000	0.094064	0.278515	96.692000	91.120000	99.972000	99.770000	
0.010000	0.090722	0.280076	96.812000	90.970000	99.976000	99.710000	
0.010000	0.089202	0.282504	96.816000	90.780000	99.978000	99.730000	
0.010000	0.085347	0.294016	96.924000	90.890000	99.988000	99.730000	
0.010000	0.083203	0.293941	97.048000	90.470000	99.980000	99.710000	
0.010000	0.080490	0.292973	97.136000	91.090000	99.984000	99.710000	
0.010000	0.080332	0.288588	97.142000	91.110000	99.984000	99.730000	
0.010000	0.077502	0.294384	97.272000	91.120000	99.970000	99.710000	
0.010000	0.075645	0.289603	97.262000	90.970000	99.988000	99.680000	
0.010000	0.074629	0.300283	97.392000	90.960000	99.984000	99.750000	
0.010000	0.073613	0.310741	97.348000	90.430000	99.986000	99.740000	
0.010000	0.069161	0.303879	97.500000	91.100000	99.982000	99.740000	
0.010000	0.066821	0.301657	97.572000	90.860000	99.984000	99.700000	
0.010000	0.067231	0.312260	97.584000	90.730000	99.990000	99.740000	
0.010000	0.066237	0.310654	97.590000	90.970000	99.990000	99.690000	
0.010000	0.064619	0.303719	97.746000	90.710000	99.992000	99.730000	
0.010000	0.063033	0.315701	97.730000	90.630000	99.990000	99.720000	
0.010000	0.061946	0.319027	97.728000	90.660000	99.990000	99.730000	
0.010000	0.059204	0.317267	97.876000	90.830000	99.994000	99.670000	
0.010000	0.059028	0.320731	97.860000	91.090000	99.990000	99.730000	
0.010000	0.057544	0.310623	97.976000	91.290000	99.998000	99.740000	
0.010000	0.056977	0.328402	97.950000	90.990000	99.996000	99.680000	
0.010000	0.055321	0.332332	98.026000	90.870000	99.998000	99.720000	
0.010000	0.052680	0.333299	98.126000	90.920000	99.998000	99.690000	
0.010000	0.054495	0.322411	98.016000	90.650000	99.992000	99.700000	
0.010000	0.054400	0.325173	98.000000	91.070000	99.994000	99.700000	
0.010000	0.051319	0.332867	98.132000	90.900000	99.998000	99.730000	
0.010000	0.052082	0.331018	98.152000	91.050000	99.996000	99.740000	
0.010000	0.052349	0.334379	98.122000	90.900000	99.996000	99.680000	
0.010000	0.049940	0.325964	98.194000	91.170000	99.998000	99.720000	
0.001000	0.039778	0.324770	98.622000	91.150000	99.994000	99.710000	
0.001000	0.036824	0.331625	98.726000	91.140000	99.996000	99.710000	
0.001000	0.035226	0.335978	98.710000	91.030000	99.998000	99.720000	
0.001000	0.034087	0.336528	98.816000	91.140000	99.998000	99.750000	
0.001000	0.034004	0.338747	98.780000	91.180000	100.000000	99.720000	
0.001000	0.033541	0.340504	98.830000	91.160000	100.000000	99.720000	
0.001000	0.032993	0.343686	98.830000	91.110000	99.996000	99.720000	
0.001000	0.032537	0.344222	98.856000	91.050000	100.000000	99.740000	
0.001000	0.032968	0.342658	98.834000	91.030000	99.998000	99.750000	
0.001000	0.031046	0.347911	98.930000	91.050000	99.996000	99.740000	
0.001000	0.031833	0.345141	98.928000	91.140000	100.000000	99.730000	
0.001000	0.031336	0.349226	98.872000	91.140000	99.998000	99.740000	
0.001000	0.031672	0.349172	98.910000	91.180000	99.998000	99.740000	
0.001000	0.029405	0.351220	98.974000	91.200000	99.998000	99.760000	
0.001000	0.029916	0.352148	98.958000	90.920000	100.000000	99.770000	
0.001000	0.029719	0.355397	98.966000	90.970000	99.998000	99.730000	
0.001000	0.030711	0.357250	98.974000	91.060000	99.994000	99.730000	
0.001000	0.029805	0.360832	98.990000	91.000000	99.998000	99.760000	
0.001000	0.031428	0.355705	98.900000	91.140000	99.998000	99.760000	
0.001000	0.029734	0.357461	98.940000	91.100000	100.000000	99.760000	
0.001000	0.028625	0.360718	98.994000	91.020000	99.998000	99.730000	
0.001000	0.027944	0.358877	99.038000	91.170000	99.996000	99.740000	
0.001000	0.029089	0.359877	98.990000	91.140000	100.000000	99.710000	
0.001000	0.028964	0.359884	98.976000	91.110000	100.000000	99.740000	
0.001000	0.028152	0.361042	99.042000	91.150000	99.998000	99.740000	
0.001000	0.028734	0.358280	99.046000	91.190000	99.998000	99.730000	
0.001000	0.027822	0.361500	99.074000	91.330000	100.000000	99.730000	
0.001000	0.027500	0.362617	99.086000	91.180000	100.000000	99.700000	
0.001000	0.029095	0.364379	99.030000	91.170000	100.000000	99.730000	
0.001000	0.027224	0.362646	99.058000	91.160000	100.000000	99.740000	
0.001000	0.027569	0.365182	99.058000	91.130000	100.000000	99.690000	
0.001000	0.027655	0.365224	99.040000	91.130000	100.000000	99.700000	
0.001000	0.026892	0.368111	99.058000	91.110000	100.000000	99.700000	
0.001000	0.027332	0.369553	99.054000	91.040000	99.998000	99.710000	
0.001000	0.027992	0.367206	99.018000	91.080000	100.000000	99.720000	
0.001000	0.027046	0.366079	99.074000	91.200000	100.000000	99.740000	
0.001000	0.025628	0.371002	99.112000	91.070000	100.000000	99.710000	
0.001000	0.026918	0.368827	99.130000	91.020000	99.998000	99.700000	
0.001000	0.025447	0.370457	99.150000	91.140000	99.998000	99.720000	
0.001000	0.026204	0.374496	99.080000	91.020000	100.000000	99.730000	
0.001000	0.024604	0.375086	99.158000	91.120000	100.000000	99.740000	
0.001000	0.025294	0.374712	99.150000	91.190000	100.000000	99.740000	
0.001000	0.025103	0.374458	99.146000	91.220000	99.996000	99.710000	
0.001000	0.026123	0.376569	99.080000	91.160000	100.000000	99.720000	
