Learning Rate	Train Loss	Valid Loss	Train Acc.	Valid Acc.	Train Acc.5	Valid Acc.5	
0.300000	1.785652	1.511412	31.536000	43.880000	84.994000	91.580000	
0.300000	1.285056	1.334208	52.986000	54.720000	94.028000	94.240000	
0.300000	1.018591	1.036491	63.574000	64.120000	96.586000	96.620000	
0.300000	0.870860	0.970677	69.266000	66.980000	97.554000	97.350000	
0.300000	0.743116	0.938967	74.184000	68.590000	98.232000	97.720000	
0.300000	0.678272	0.789908	76.588000	73.410000	98.474000	98.190000	
0.300000	0.624149	0.845822	78.338000	73.020000	98.718000	98.120000	
0.300000	0.589022	0.693271	79.600000	76.020000	98.854000	98.790000	
0.300000	0.570250	1.095073	80.238000	69.480000	98.930000	97.370000	
0.300000	0.548149	0.793078	81.136000	75.860000	99.030000	97.800000	
0.300000	0.526612	0.785567	81.934000	73.700000	99.110000	97.700000	
0.300000	0.514166	0.744921	82.490000	77.120000	99.144000	97.870000	
0.300000	0.498752	0.685356	82.854000	78.050000	99.192000	98.640000	
0.300000	0.479558	0.621239	83.378000	78.600000	99.234000	98.750000	
0.300000	0.478013	0.683021	83.400000	77.070000	99.268000	98.400000	
0.300000	0.473359	0.636944	83.708000	79.040000	99.226000	98.730000	
0.300000	0.457754	0.689041	84.142000	77.660000	99.336000	98.680000	
0.300000	0.462435	0.810787	83.956000	74.540000	99.308000	98.100000	
0.300000	0.444554	0.733019	84.706000	76.090000	99.330000	98.850000	
0.300000	0.434374	0.773541	85.130000	77.320000	99.338000	98.060000	
0.300000	0.432321	0.635637	85.092000	80.410000	99.376000	98.580000	
0.300000	0.428715	0.528192	85.138000	82.490000	99.396000	99.210000	
0.300000	0.431922	0.590410	85.020000	80.290000	99.432000	99.050000	
0.300000	0.421232	0.595793	85.576000	80.910000	99.410000	99.040000	
0.300000	0.417488	0.552439	85.670000	83.030000	99.474000	99.020000	
0.300000	0.416597	0.646527	85.706000	79.130000	99.422000	99.190000	
0.300000	0.414299	0.662090	85.702000	78.540000	99.392000	98.920000	
0.300000	0.404363	0.606639	86.310000	80.630000	99.448000	98.640000	
0.300000	0.411327	0.600880	85.730000	80.340000	99.456000	98.950000	
0.300000	0.406160	0.620901	85.914000	79.030000	99.372000	99.050000	
0.300000	0.404738	0.551245	86.104000	80.890000	99.460000	99.300000	
0.300000	0.400809	0.544631	86.026000	82.130000	99.484000	99.120000	
0.300000	0.397256	0.967501	86.360000	71.500000	99.466000	97.880000	
0.300000	0.395626	0.606828	86.432000	79.800000	99.484000	99.030000	
0.300000	0.395029	0.698288	86.376000	78.480000	99.486000	97.920000	
0.300000	0.391480	0.585848	86.606000	82.010000	99.522000	98.370000	
0.300000	0.389288	0.612892	86.672000	80.550000	99.500000	99.150000	
0.300000	0.390374	0.812406	86.804000	72.920000	99.504000	97.800000	
0.300000	0.386904	0.645852	86.656000	79.970000	99.506000	99.040000	
0.300000	0.389491	0.560203	86.522000	81.960000	99.530000	99.260000	
0.300000	0.381811	0.663910	86.832000	79.100000	99.502000	98.710000	
0.300000	0.381820	0.581265	86.786000	80.810000	99.538000	98.860000	
0.300000	0.384311	0.569575	86.710000	81.860000	99.512000	99.210000	
0.300000	0.378737	0.561561	86.910000	81.660000	99.518000	99.200000	
0.300000	0.378161	0.690313	86.872000	77.460000	99.490000	98.650000	
0.300000	0.379421	0.884561	86.970000	75.580000	99.496000	98.820000	
0.300000	0.376076	0.586035	86.934000	79.740000	99.558000	99.030000	
0.300000	0.376676	0.560326	87.148000	81.240000	99.508000	98.990000	
0.300000	0.366809	0.513212	87.362000	82.770000	99.564000	99.140000	
0.300000	0.372951	0.480546	87.222000	84.250000	99.518000	98.990000	
0.300000	0.372791	0.468523	87.150000	84.180000	99.538000	99.430000	
0.300000	0.371731	0.515043	87.214000	83.260000	99.532000	99.000000	
0.300000	0.374121	0.530824	87.140000	81.790000	99.546000	99.350000	
0.300000	0.373705	0.638170	87.058000	78.590000	99.532000	99.100000	
0.300000	0.369961	0.464619	87.274000	84.610000	99.554000	99.190000	
0.300000	0.370924	0.510674	87.158000	83.420000	99.556000	99.300000	
0.300000	0.371338	0.570356	87.194000	81.880000	99.536000	98.820000	
0.300000	0.372957	0.508900	87.048000	82.480000	99.478000	99.220000	
0.300000	0.365411	0.532632	87.414000	82.320000	99.516000	99.060000	
0.300000	0.372072	0.698965	87.190000	78.340000	99.554000	98.370000	
0.300000	0.366911	0.657761	87.286000	79.530000	99.630000	99.020000	
0.300000	0.372098	0.569403	87.152000	81.640000	99.546000	99.250000	
0.300000	0.362052	0.554580	87.490000	81.890000	99.570000	99.130000	
0.300000	0.359715	0.569976	87.550000	81.720000	99.572000	99.220000	
0.300000	0.355484	0.617307	87.752000	79.880000	99.528000	98.900000	
0.300000	0.365028	0.508989	87.400000	83.910000	99.548000	99.200000	
0.300000	0.361545	0.572674	87.584000	81.340000	99.550000	99.230000	
0.300000	0.363056	0.498630	87.492000	84.130000	99.546000	99.070000	
0.300000	0.360745	0.578580	87.636000	81.750000	99.576000	99.030000	
0.300000	0.357430	0.609999	87.582000	82.090000	99.596000	98.680000	
0.300000	0.360993	0.476114	87.670000	84.230000	99.582000	99.040000	
0.300000	0.354804	0.729895	87.690000	79.590000	99.582000	98.320000	
0.300000	0.357373	0.435329	87.826000	85.460000	99.592000	99.440000	
0.300000	0.361309	0.674272	87.498000	77.880000	99.578000	98.960000	
0.300000	0.362773	0.476929	87.594000	84.040000	99.564000	99.100000	
0.300000	0.356324	0.619395	87.836000	81.180000	99.570000	99.260000	
0.300000	0.358301	0.538598	87.574000	82.210000	99.576000	99.240000	
0.300000	0.348634	0.532216	88.074000	83.030000	99.596000	99.150000	
0.300000	0.353249	0.647695	87.940000	79.980000	99.594000	99.260000	
0.300000	0.360006	0.591721	87.468000	82.840000	99.602000	99.200000	
0.300000	0.358299	0.655800	87.514000	78.740000	99.600000	99.330000	
0.030000	0.221484	0.274610	92.378000	90.830000	99.834000	99.780000	
0.030000	0.180639	0.266772	93.872000	91.270000	99.880000	99.820000	
0.030000	0.166767	0.278529	94.154000	90.860000	99.908000	99.770000	
0.030000	0.157245	0.263641	94.488000	91.250000	99.922000	99.800000	
0.030000	0.149139	0.268615	94.814000	91.420000	99.916000	99.780000	
0.030000	0.143159	0.268202	95.020000	91.270000	99.924000	99.800000	
0.030000	0.138391	0.269841	95.282000	91.420000	99.932000	99.770000	
0.030000	0.133393	0.271328	95.394000	91.430000	99.940000	99.770000	
0.030000	0.126438	0.279670	95.590000	91.430000	99.946000	99.720000	
0.030000	0.124685	0.282720	95.500000	91.350000	99.952000	99.800000	
0.030000	0.120765	0.270292	95.804000	91.450000	99.958000	99.750000	
0.030000	0.118474	0.274998	95.904000	91.730000	99.948000	99.810000	
0.030000	0.112346	0.290215	96.062000	91.300000	99.952000	99.760000	
0.030000	0.110118	0.284050	96.178000	91.660000	99.958000	99.740000	
0.030000	0.106593	0.281630	96.244000	91.780000	99.964000	99.820000	
0.030000	0.106249	0.284099	96.334000	91.640000	99.976000	99.800000	
0.030000	0.100862	0.282088	96.424000	91.560000	99.978000	99.810000	
0.030000	0.104083	0.303765	96.296000	91.260000	99.954000	99.690000	
0.030000	0.101508	0.299702	96.404000	91.110000	99.952000	99.690000	
0.003000	0.081609	0.275572	97.192000	91.840000	99.976000	99.780000	
0.003000	0.075557	0.273350	97.528000	92.050000	99.990000	99.730000	
0.003000	0.071372	0.274269	97.612000	92.060000	99.984000	99.790000	
0.003000	0.068986	0.272002	97.682000	92.050000	99.982000	99.780000	
0.003000	0.067024	0.274839	97.738000	92.170000	99.990000	99.790000	
0.003000	0.065061	0.274709	97.804000	92.170000	99.990000	99.770000	
0.003000	0.065014	0.272675	97.852000	92.240000	99.978000	99.770000	
0.003000	0.065229	0.277813	97.892000	92.120000	99.986000	99.780000	
0.003000	0.063215	0.280958	97.886000	92.150000	99.984000	99.770000	
0.003000	0.063596	0.281641	97.832000	92.020000	99.990000	99.780000	
0.003000	0.062541	0.278613	97.910000	92.200000	99.980000	99.790000	
0.003000	0.063208	0.278417	97.888000	92.190000	99.994000	99.760000	
0.003000	0.061723	0.282270	97.904000	92.210000	99.986000	99.770000	
0.003000	0.058996	0.283598	97.952000	92.150000	99.994000	99.750000	
0.003000	0.060832	0.281739	97.920000	92.480000	99.992000	99.780000	
0.003000	0.059061	0.286052	98.024000	92.310000	99.986000	99.790000	
0.003000	0.058822	0.285262	98.060000	92.170000	99.992000	99.750000	
0.003000	0.058975	0.287591	98.042000	92.280000	99.992000	99.790000	
0.003000	0.058349	0.282546	98.122000	92.250000	99.988000	99.790000	
0.003000	0.056235	0.285856	98.182000	92.310000	99.992000	99.790000	
0.000300	0.056179	0.283504	98.184000	92.350000	99.986000	99.780000	
0.000300	0.055411	0.285103	98.206000	92.290000	99.990000	99.790000	
0.000300	0.056163	0.283408	98.162000	92.320000	99.992000	99.780000	
0.000300	0.055019	0.285138	98.200000	92.350000	99.996000	99.780000	
0.000300	0.053657	0.282980	98.210000	92.470000	99.992000	99.760000	
0.000300	0.055363	0.284426	98.160000	92.220000	99.992000	99.790000	
0.000300	0.053519	0.284471	98.206000	92.340000	99.992000	99.780000	
0.000300	0.054574	0.282223	98.194000	92.260000	99.990000	99.790000	
0.000300	0.054872	0.283908	98.160000	92.340000	99.996000	99.770000	
0.000300	0.055209	0.285246	98.120000	92.370000	99.992000	99.790000	
0.000300	0.053513	0.285769	98.198000	92.320000	99.990000	99.790000	
0.000300	0.054206	0.285267	98.224000	92.400000	99.994000	99.790000	
0.000300	0.055711	0.285381	98.120000	92.350000	99.990000	99.770000	
0.000300	0.055895	0.286953	98.128000	92.370000	99.992000	99.790000	
0.000300	0.054572	0.283842	98.130000	92.300000	99.992000	99.760000	
0.000300	0.054658	0.288365	98.164000	92.220000	99.986000	99.790000	
0.000300	0.053774	0.287790	98.206000	92.360000	99.992000	99.780000	
0.000300	0.053410	0.287611	98.220000	92.250000	99.992000	99.760000	
0.000300	0.054013	0.285689	98.152000	92.300000	99.988000	99.780000	
0.000300	0.054794	0.284368	98.086000	92.330000	99.992000	99.770000	
0.000030	0.052843	0.286566	98.220000	92.320000	99.994000	99.770000	
0.000030	0.053833	0.287947	98.266000	92.300000	99.988000	99.760000	
0.000030	0.053031	0.285721	98.244000	92.300000	99.990000	99.760000	
0.000030	0.054435	0.287312	98.146000	92.310000	99.990000	99.770000	
0.000030	0.054922	0.285234	98.178000	92.320000	99.990000	99.760000	
0.000030	0.053402	0.285438	98.244000	92.340000	99.990000	99.760000	
0.000030	0.052401	0.284587	98.274000	92.380000	99.990000	99.760000	
0.000030	0.053131	0.287487	98.162000	92.270000	99.990000	99.770000	
0.000030	0.054333	0.285929	98.188000	92.350000	99.986000	99.780000	
0.000030	0.054202	0.286086	98.170000	92.360000	99.986000	99.800000	
0.000030	0.052724	0.287104	98.256000	92.240000	99.990000	99.780000	
0.000030	0.052016	0.285521	98.246000	92.390000	99.988000	99.760000	
0.000030	0.053205	0.285459	98.262000	92.310000	99.994000	99.780000	
0.000030	0.052389	0.284841	98.236000	92.340000	99.986000	99.780000	
0.000030	0.052388	0.286006	98.242000	92.340000	99.990000	99.760000	
0.000030	0.054802	0.287375	98.156000	92.310000	99.984000	99.770000	
0.000030	0.053421	0.285867	98.218000	92.250000	99.988000	99.780000	
0.000030	0.055207	0.289448	98.176000	92.290000	99.998000	99.780000	
0.000030	0.055228	0.286598	98.132000	92.380000	99.992000	99.760000	
0.000030	0.051575	0.284430	98.276000	92.240000	99.988000	99.790000	
0.000030	0.054673	0.287490	98.216000	92.210000	99.992000	99.770000	
0.000030	0.052333	0.285180	98.220000	92.360000	99.994000	99.760000	
0.000030	0.053668	0.285387	98.172000	92.310000	99.990000	99.780000	
0.000030	0.053989	0.287148	98.200000	92.310000	99.994000	99.770000	
