Learning Rate	Train Loss	Valid Loss	Train Acc.	Valid Acc.	Train Acc.5	Valid Acc.5	
0.100000	1.633146	1.457725	38.360000	49.560000	88.430000	91.550000	
0.100000	1.138689	1.024764	58.892000	63.890000	95.562000	96.800000	
0.100000	0.919116	1.053185	67.334000	64.820000	97.370000	95.800000	
0.100000	0.786344	0.941589	72.254000	68.240000	98.142000	97.650000	
0.100000	0.684005	0.819911	76.036000	71.840000	98.606000	98.260000	
0.100000	0.624269	0.814897	78.232000	73.460000	98.840000	97.800000	
0.100000	0.575554	0.671920	79.964000	77.150000	98.958000	98.690000	
0.100000	0.543314	0.711399	81.308000	75.830000	99.074000	98.690000	
0.100000	0.508746	0.713526	82.374000	76.550000	99.150000	98.900000	
0.100000	0.493331	0.571777	83.000000	80.600000	99.288000	99.070000	
0.100000	0.469190	0.732923	83.590000	77.220000	99.266000	98.650000	
0.100000	0.454496	0.531271	84.428000	82.370000	99.354000	99.190000	
0.100000	0.433005	0.537250	85.084000	81.750000	99.392000	99.100000	
0.100000	0.423077	0.598999	85.208000	81.110000	99.466000	99.070000	
0.100000	0.411650	0.532357	85.664000	82.310000	99.440000	98.830000	
0.100000	0.397511	0.511882	86.224000	83.020000	99.500000	99.260000	
0.100000	0.388623	0.551017	86.534000	81.740000	99.550000	99.240000	
0.100000	0.382624	0.465187	86.672000	84.760000	99.560000	99.280000	
0.100000	0.371543	0.522642	87.098000	83.040000	99.538000	98.990000	
0.100000	0.359833	0.591525	87.680000	81.980000	99.568000	98.870000	
0.100000	0.362187	0.537268	87.382000	82.590000	99.606000	99.150000	
0.100000	0.349746	0.607853	87.898000	80.510000	99.618000	99.160000	
0.100000	0.347489	0.457314	87.994000	84.620000	99.622000	99.310000	
0.100000	0.333670	0.453806	88.328000	85.100000	99.670000	99.410000	
0.100000	0.335747	0.560751	88.318000	82.250000	99.628000	99.030000	
0.100000	0.325973	0.612259	88.528000	81.310000	99.676000	99.240000	
0.100000	0.324067	0.514107	88.646000	83.800000	99.660000	99.190000	
0.100000	0.316643	0.469196	89.038000	84.910000	99.680000	99.150000	
0.100000	0.319016	0.580951	88.888000	81.940000	99.704000	99.060000	
0.100000	0.305278	0.458877	89.280000	84.990000	99.708000	99.390000	
0.100000	0.301272	0.516261	89.454000	83.280000	99.724000	99.500000	
0.100000	0.298946	0.406159	89.512000	86.520000	99.762000	99.510000	
0.100000	0.297823	0.495487	89.638000	84.810000	99.736000	99.220000	
0.100000	0.299465	0.526551	89.556000	83.130000	99.714000	99.210000	
0.100000	0.291719	0.539633	89.648000	83.570000	99.772000	98.950000	
0.100000	0.288484	0.454645	89.920000	85.410000	99.756000	99.360000	
0.100000	0.284872	0.469278	89.896000	85.190000	99.748000	99.440000	
0.100000	0.280022	0.539948	90.262000	83.240000	99.800000	99.220000	
0.100000	0.272803	0.561019	90.370000	83.450000	99.814000	99.230000	
0.100000	0.276000	0.517893	90.376000	84.480000	99.780000	99.450000	
0.100000	0.275947	0.728035	90.330000	79.690000	99.830000	98.440000	
0.100000	0.270441	0.393046	90.652000	86.830000	99.760000	99.480000	
0.100000	0.267667	0.451569	90.596000	85.600000	99.812000	99.550000	
0.100000	0.264936	0.444321	90.522000	85.820000	99.788000	99.430000	
0.100000	0.268068	0.523872	90.618000	84.750000	99.804000	99.200000	
0.100000	0.260101	0.483392	90.974000	85.190000	99.810000	99.380000	
0.100000	0.257561	0.529133	90.952000	84.490000	99.832000	99.250000	
0.100000	0.257141	0.414500	91.104000	86.790000	99.798000	99.490000	
0.100000	0.259822	0.481908	90.828000	85.520000	99.808000	99.410000	
0.100000	0.254217	0.447882	91.098000	86.300000	99.828000	99.420000	
0.100000	0.255140	0.455739	91.062000	85.670000	99.786000	99.590000	
0.100000	0.257442	0.398596	91.028000	87.510000	99.786000	99.590000	
0.100000	0.254219	0.536330	91.048000	84.570000	99.826000	98.900000	
0.100000	0.246783	0.412518	91.312000	86.970000	99.824000	99.540000	
0.100000	0.245466	0.558826	91.310000	83.380000	99.850000	99.280000	
0.100000	0.250347	0.507835	91.240000	83.930000	99.832000	99.320000	
0.100000	0.248608	0.499741	91.164000	84.970000	99.814000	99.270000	
0.100000	0.245878	0.444972	91.390000	86.250000	99.846000	99.600000	
0.100000	0.237815	0.514984	91.588000	84.490000	99.862000	99.460000	
0.100000	0.242829	0.480409	91.500000	85.100000	99.816000	99.580000	
0.100000	0.242117	0.610932	91.500000	82.490000	99.830000	99.220000	
0.100000	0.245287	0.473507	91.400000	86.080000	99.868000	99.530000	
0.100000	0.234389	0.516733	91.682000	84.160000	99.860000	99.470000	
0.100000	0.237367	0.542028	91.756000	84.490000	99.838000	99.100000	
0.100000	0.237464	0.467163	91.656000	85.590000	99.848000	99.400000	
0.100000	0.235730	0.534251	91.540000	83.670000	99.848000	99.510000	
0.100000	0.235588	0.517925	91.692000	84.210000	99.850000	99.250000	
0.100000	0.230694	0.441056	91.896000	86.280000	99.870000	99.530000	
0.100000	0.231497	0.482644	91.870000	84.890000	99.832000	99.470000	
0.100000	0.229682	0.528585	91.956000	84.840000	99.850000	99.370000	
0.100000	0.228959	0.521620	92.038000	84.740000	99.848000	99.390000	
0.100000	0.231592	0.385641	91.836000	87.700000	99.842000	99.600000	
0.100000	0.226913	0.508136	92.056000	85.230000	99.864000	99.330000	
0.100000	0.232516	0.395393	91.814000	87.440000	99.866000	99.480000	
0.100000	0.228492	0.453172	92.048000	86.270000	99.850000	99.410000	
0.100000	0.229090	0.448694	92.026000	85.410000	99.838000	99.420000	
0.100000	0.227630	0.675448	92.042000	80.910000	99.882000	99.280000	
0.100000	0.226014	0.439942	92.058000	86.280000	99.888000	99.540000	
0.100000	0.229627	0.444841	91.906000	86.100000	99.876000	99.360000	
0.100000	0.222561	0.551130	92.242000	84.480000	99.850000	99.490000	
0.100000	0.221393	0.428775	92.226000	86.250000	99.846000	99.550000	
0.010000	0.141569	0.278761	95.178000	90.860000	99.932000	99.800000	
0.010000	0.110266	0.268635	96.338000	91.360000	99.964000	99.770000	
0.010000	0.102867	0.274294	96.650000	91.260000	99.966000	99.740000	
0.010000	0.093535	0.273725	96.876000	91.340000	99.980000	99.760000	
0.010000	0.088648	0.276833	97.012000	91.620000	99.978000	99.790000	
0.010000	0.083561	0.278487	97.210000	91.380000	99.978000	99.680000	
0.010000	0.078045	0.285564	97.432000	91.330000	99.976000	99.740000	
0.010000	0.075764	0.282422	97.490000	91.540000	99.984000	99.740000	
0.010000	0.073842	0.284802	97.478000	91.750000	99.974000	99.720000	
0.010000	0.068773	0.290874	97.750000	91.540000	99.992000	99.700000	
0.010000	0.067664	0.293028	97.750000	91.520000	99.984000	99.790000	
0.010000	0.065166	0.295754	97.848000	91.500000	99.990000	99.760000	
0.010000	0.063152	0.297329	97.916000	91.680000	99.998000	99.760000	
0.010000	0.060329	0.305358	97.996000	91.670000	99.996000	99.780000	
0.010000	0.059131	0.307134	97.960000	91.570000	99.984000	99.710000	
0.010000	0.059957	0.309362	97.934000	91.430000	99.990000	99.720000	
0.010000	0.055733	0.318101	98.188000	91.290000	99.986000	99.750000	
0.010000	0.057241	0.310079	98.066000	91.480000	99.988000	99.730000	
0.010000	0.055209	0.314149	98.156000	91.420000	99.996000	99.730000	
0.001000	0.047783	0.304784	98.488000	91.480000	99.996000	99.760000	
0.001000	0.046771	0.305838	98.456000	91.570000	99.990000	99.780000	
0.001000	0.046320	0.303400	98.478000	91.740000	99.992000	99.780000	
0.001000	0.044823	0.304058	98.550000	91.870000	99.994000	99.790000	
0.001000	0.044285	0.303230	98.606000	91.830000	99.992000	99.760000	
0.001000	0.043535	0.305100	98.608000	91.910000	99.992000	99.760000	
0.001000	0.042698	0.305082	98.610000	91.700000	99.992000	99.760000	
0.001000	0.044151	0.307458	98.614000	91.700000	99.996000	99.760000	
0.001000	0.043952	0.309569	98.632000	91.640000	99.992000	99.730000	
0.001000	0.041046	0.309155	98.742000	91.860000	99.996000	99.780000	
0.001000	0.044397	0.306794	98.568000	91.720000	99.994000	99.730000	
0.001000	0.042009	0.306053	98.658000	91.780000	99.994000	99.720000	
0.001000	0.041585	0.309826	98.704000	91.820000	99.994000	99.750000	
0.001000	0.042252	0.307283	98.604000	91.790000	99.998000	99.770000	
0.001000	0.041617	0.306286	98.636000	91.920000	99.996000	99.740000	
0.001000	0.040247	0.306401	98.744000	91.690000	99.994000	99.760000	
0.001000	0.043369	0.309624	98.672000	91.830000	99.996000	99.720000	
0.001000	0.041412	0.309784	98.660000	91.870000	99.988000	99.720000	
0.001000	0.039783	0.309206	98.774000	91.800000	99.994000	99.730000	
0.001000	0.040535	0.312199	98.754000	91.830000	99.992000	99.740000	
0.000100	0.040344	0.313391	98.768000	91.670000	99.994000	99.760000	
0.000100	0.041266	0.310506	98.714000	91.880000	99.996000	99.700000	
0.000100	0.040899	0.309579	98.708000	91.770000	99.996000	99.740000	
0.000100	0.040103	0.315608	98.764000	91.880000	99.994000	99.750000	
0.000100	0.038675	0.312126	98.826000	91.830000	99.998000	99.700000	
0.000100	0.039407	0.309681	98.764000	91.740000	99.994000	99.750000	
0.000100	0.038599	0.311629	98.826000	91.800000	99.996000	99.770000	
0.000100	0.041030	0.311159	98.666000	91.720000	99.998000	99.750000	
0.000100	0.039613	0.310004	98.734000	91.830000	99.990000	99.750000	
0.000100	0.039022	0.308872	98.806000	91.830000	99.992000	99.770000	
0.000100	0.039139	0.309675	98.776000	91.840000	99.998000	99.760000	
0.000100	0.041076	0.311096	98.672000	91.720000	99.998000	99.740000	
0.000100	0.039112	0.309362	98.790000	91.670000	99.992000	99.750000	
0.000100	0.039858	0.309275	98.762000	91.710000	100.000000	99.730000	
0.000100	0.040041	0.310789	98.718000	91.790000	99.992000	99.760000	
0.000100	0.039660	0.311684	98.786000	91.750000	99.998000	99.770000	
0.000100	0.038849	0.311193	98.808000	91.700000	99.996000	99.740000	
0.000100	0.039157	0.310429	98.758000	91.830000	99.998000	99.720000	
0.000100	0.037562	0.310620	98.850000	91.730000	100.000000	99.770000	
0.000100	0.039482	0.313053	98.752000	91.710000	99.996000	99.740000	
0.000010	0.038744	0.314246	98.786000	91.780000	99.994000	99.730000	
0.000010	0.038983	0.316451	98.768000	91.680000	99.994000	99.750000	
0.000010	0.039230	0.310720	98.822000	91.690000	99.994000	99.730000	
0.000010	0.038923	0.312202	98.786000	91.790000	99.998000	99.730000	
0.000010	0.039455	0.311976	98.744000	91.870000	99.994000	99.750000	
0.000010	0.039743	0.311555	98.768000	91.760000	99.996000	99.750000	
0.000010	0.039792	0.314520	98.674000	91.640000	99.996000	99.750000	
0.000010	0.040054	0.309524	98.702000	91.800000	99.996000	99.750000	
0.000010	0.039393	0.313911	98.748000	91.730000	99.998000	99.720000	
0.000010	0.037956	0.313302	98.844000	91.700000	99.992000	99.730000	
0.000010	0.039713	0.311088	98.744000	91.720000	99.994000	99.720000	
0.000010	0.039024	0.309222	98.810000	91.860000	99.996000	99.750000	
0.000010	0.038055	0.311832	98.792000	91.760000	100.000000	99.740000	
0.000010	0.040718	0.312954	98.694000	91.710000	99.992000	99.740000	
0.000010	0.040710	0.310654	98.716000	91.760000	99.998000	99.760000	
0.000010	0.039151	0.310652	98.804000	91.840000	99.992000	99.740000	
0.000010	0.040695	0.311679	98.704000	91.860000	99.992000	99.760000	
0.000010	0.039166	0.311161	98.758000	91.760000	99.996000	99.700000	
0.000010	0.039247	0.311616	98.804000	91.730000	99.998000	99.750000	
0.000010	0.041217	0.310525	98.668000	91.840000	99.998000	99.750000	
0.000010	0.039839	0.311740	98.760000	91.810000	99.998000	99.770000	
0.000010	0.039207	0.311345	98.804000	91.770000	99.992000	99.730000	
0.000010	0.039765	0.313073	98.758000	91.690000	100.000000	99.750000	
0.000010	0.038537	0.312319	98.808000	91.700000	100.000000	99.770000	
