Learning Rate	Train Loss	Valid Loss	Train Acc.	Valid Acc.	Train Acc.5	Valid Acc.5	
0.500000	1.910551	1.689715	28.154000	38.570000	80.506000	88.560000	
0.500000	1.499441	1.842219	44.732000	42.560000	91.622000	87.020000	
0.500000	1.161793	1.180280	58.376000	60.210000	95.304000	95.570000	
0.500000	0.970834	0.957640	65.654000	65.300000	97.026000	97.420000	
0.500000	0.826487	0.997268	71.240000	66.690000	97.646000	97.500000	
0.500000	0.749048	1.022501	73.954000	67.590000	98.206000	97.730000	
0.500000	0.699235	0.816425	75.862000	72.560000	98.396000	98.290000	
0.500000	0.665810	0.997713	77.050000	71.480000	98.550000	96.880000	
0.500000	0.643305	0.859382	77.820000	70.960000	98.648000	97.580000	
0.500000	0.620511	0.644786	78.548000	78.200000	98.682000	98.630000	
0.500000	0.605713	0.865664	79.104000	71.970000	98.750000	97.390000	
0.500000	0.587975	0.819148	79.702000	74.170000	98.804000	98.130000	
0.500000	0.579561	0.682959	79.952000	76.970000	98.912000	98.780000	
0.500000	0.564927	0.980883	80.716000	69.480000	98.840000	96.460000	
0.500000	0.553906	0.797148	80.956000	73.540000	98.908000	97.790000	
0.500000	0.539852	0.709215	81.398000	76.220000	99.064000	98.590000	
0.500000	0.539326	0.852137	81.332000	71.960000	99.012000	97.350000	
0.500000	0.540075	1.300683	81.526000	64.620000	99.004000	95.030000	
0.500000	0.531521	0.621161	81.686000	77.840000	99.052000	98.710000	
0.500000	0.521565	0.552357	81.986000	81.170000	99.062000	98.970000	
0.500000	0.519245	0.623247	82.136000	79.510000	99.056000	98.660000	
0.500000	0.513713	0.759382	82.344000	77.310000	99.080000	98.030000	
0.500000	0.511015	0.648370	82.630000	78.770000	99.038000	98.380000	
0.500000	0.510358	0.817907	82.464000	75.520000	99.126000	96.830000	
0.500000	0.500785	0.975189	82.838000	71.020000	99.180000	96.030000	
0.500000	0.493293	0.776527	83.072000	75.880000	99.134000	98.500000	
0.500000	0.494856	0.678702	83.160000	78.190000	99.126000	98.300000	
0.500000	0.497000	0.750347	82.974000	74.910000	99.142000	98.530000	
0.500000	0.482672	1.323991	83.404000	66.380000	99.214000	96.090000	
0.500000	0.491794	0.683323	82.966000	77.170000	99.170000	98.760000	
0.500000	0.489853	0.647913	83.232000	79.200000	99.130000	98.270000	
0.500000	0.479004	0.616849	83.686000	79.460000	99.208000	98.790000	
0.500000	0.479339	0.739815	83.382000	76.130000	99.230000	98.620000	
0.500000	0.476017	0.768474	83.666000	75.880000	99.228000	98.390000	
0.500000	0.479228	0.602786	83.662000	80.350000	99.172000	99.050000	
0.500000	0.475194	0.871989	83.710000	71.220000	99.208000	98.450000	
0.500000	0.476933	0.736459	83.622000	76.910000	99.232000	98.530000	
0.500000	0.467575	0.614721	83.990000	79.930000	99.246000	98.980000	
0.500000	0.476136	0.622307	83.736000	79.680000	99.254000	99.100000	
0.500000	0.466666	1.308855	83.906000	61.760000	99.232000	93.710000	
0.500000	0.471005	0.600665	83.876000	79.740000	99.248000	99.270000	
0.500000	0.464983	0.670159	83.880000	78.670000	99.300000	98.700000	
0.500000	0.464783	0.639174	84.358000	79.100000	99.274000	98.800000	
0.500000	0.462714	1.107184	83.980000	70.380000	99.250000	96.450000	
0.500000	0.454916	0.647090	84.330000	79.490000	99.300000	98.800000	
0.500000	0.462778	0.615614	84.224000	79.200000	99.314000	98.740000	
0.500000	0.460257	0.579809	84.184000	80.600000	99.288000	98.830000	
0.500000	0.463650	0.592935	84.100000	80.030000	99.302000	98.960000	
0.500000	0.458868	0.677763	84.066000	77.670000	99.300000	98.630000	
0.500000	0.456167	0.685757	84.276000	79.890000	99.322000	98.710000	
0.500000	0.467805	0.677412	84.110000	78.440000	99.266000	98.500000	
0.500000	0.456059	0.630979	84.318000	79.200000	99.326000	98.610000	
0.500000	0.453294	0.792183	84.294000	75.900000	99.310000	98.010000	
0.500000	0.453322	0.663663	84.498000	78.410000	99.278000	98.800000	
0.500000	0.455299	0.944664	84.384000	70.850000	99.266000	97.470000	
0.500000	0.451595	0.464642	84.464000	84.390000	99.252000	99.300000	
0.500000	0.450840	0.558102	84.570000	81.820000	99.342000	98.690000	
0.500000	0.451187	0.820820	84.524000	75.010000	99.314000	98.110000	
0.500000	0.449555	0.597464	84.450000	80.870000	99.302000	98.680000	
0.500000	0.449254	1.031041	84.704000	70.860000	99.326000	97.100000	
0.500000	0.447540	0.917846	84.536000	72.220000	99.360000	96.500000	
0.500000	0.452986	0.754110	84.636000	75.170000	99.262000	98.020000	
0.500000	0.444615	0.631023	84.770000	79.110000	99.322000	99.020000	
0.500000	0.444277	0.886372	84.756000	70.550000	99.326000	98.510000	
0.500000	0.444781	0.677265	84.674000	77.170000	99.270000	98.990000	
0.500000	0.445315	0.811439	84.674000	73.750000	99.334000	98.100000	
0.500000	0.444498	0.731683	84.732000	77.400000	99.338000	98.490000	
0.500000	0.446341	0.759565	84.764000	74.210000	99.266000	98.810000	
0.500000	0.442223	0.563868	84.912000	80.430000	99.320000	99.140000	
0.500000	0.443087	0.592514	84.862000	80.970000	99.308000	99.080000	
0.500000	0.444332	0.590736	84.704000	81.030000	99.344000	98.430000	
0.500000	0.445485	1.075862	84.768000	68.900000	99.308000	97.290000	
0.500000	0.442557	0.778244	84.754000	75.130000	99.302000	98.460000	
0.500000	0.436379	0.699110	85.288000	77.820000	99.336000	98.540000	
0.500000	0.444234	1.100710	84.738000	66.600000	99.298000	97.440000	
0.500000	0.444512	0.759276	84.748000	76.240000	99.266000	98.300000	
0.500000	0.438752	0.744469	84.858000	77.510000	99.380000	98.800000	
0.500000	0.436925	0.780370	85.000000	75.050000	99.340000	98.170000	
0.500000	0.439704	0.550318	85.014000	81.250000	99.356000	99.130000	
0.500000	0.439022	0.796789	84.896000	73.710000	99.330000	97.950000	
0.500000	0.444447	0.805560	84.850000	73.630000	99.334000	98.530000	
0.050000	0.275610	0.297214	90.626000	90.100000	99.706000	99.710000	
0.050000	0.225927	0.292463	92.188000	89.960000	99.798000	99.760000	
0.050000	0.207809	0.283606	92.776000	90.740000	99.790000	99.720000	
0.050000	0.196192	0.279830	93.200000	90.690000	99.860000	99.810000	
0.050000	0.188330	0.277022	93.472000	90.840000	99.846000	99.740000	
0.050000	0.177330	0.275343	93.862000	91.010000	99.876000	99.740000	
0.050000	0.173748	0.285950	93.914000	90.480000	99.890000	99.770000	
0.050000	0.164640	0.280688	94.264000	90.840000	99.916000	99.820000	
0.050000	0.159649	0.291669	94.332000	90.660000	99.918000	99.780000	
0.050000	0.157073	0.289553	94.404000	90.920000	99.922000	99.710000	
0.050000	0.150058	0.295063	94.716000	90.600000	99.932000	99.700000	
0.050000	0.150853	0.276987	94.674000	91.020000	99.928000	99.810000	
0.050000	0.143918	0.292519	94.968000	90.860000	99.926000	99.730000	
0.050000	0.141553	0.322525	94.998000	90.150000	99.942000	99.660000	
0.050000	0.141143	0.302069	95.032000	90.870000	99.942000	99.780000	
0.050000	0.136640	0.300486	95.214000	90.790000	99.948000	99.750000	
0.050000	0.137907	0.314206	95.038000	90.480000	99.946000	99.730000	
0.050000	0.133983	0.303087	95.270000	90.460000	99.934000	99.750000	
0.050000	0.136938	0.314680	95.166000	90.150000	99.944000	99.710000	
0.005000	0.100534	0.271817	96.574000	91.470000	99.964000	99.790000	
0.005000	0.090779	0.268019	96.924000	91.800000	99.962000	99.790000	
0.005000	0.087330	0.270063	96.990000	91.770000	99.976000	99.760000	
0.005000	0.084716	0.268516	97.238000	91.840000	99.968000	99.770000	
0.005000	0.080932	0.270413	97.270000	91.880000	99.974000	99.790000	
0.005000	0.079957	0.273478	97.360000	92.030000	99.978000	99.800000	
0.005000	0.077424	0.271415	97.440000	91.860000	99.978000	99.770000	
0.005000	0.074967	0.277096	97.556000	91.850000	99.984000	99.770000	
0.005000	0.075720	0.279981	97.474000	91.640000	99.978000	99.790000	
0.005000	0.071621	0.279260	97.664000	91.730000	99.976000	99.790000	
0.005000	0.071376	0.281574	97.646000	91.760000	99.984000	99.800000	
0.005000	0.071450	0.279563	97.624000	91.920000	99.982000	99.800000	
0.005000	0.069873	0.284613	97.684000	91.720000	99.978000	99.770000	
0.005000	0.068741	0.286101	97.766000	91.610000	99.982000	99.800000	
0.005000	0.067864	0.282525	97.690000	91.760000	99.990000	99.780000	
0.005000	0.067199	0.290252	97.814000	91.680000	99.984000	99.770000	
0.005000	0.065343	0.290406	97.830000	91.750000	99.984000	99.800000	
0.005000	0.066287	0.289171	97.724000	91.800000	99.986000	99.770000	
0.005000	0.063760	0.291508	97.886000	91.690000	99.984000	99.750000	
0.005000	0.061948	0.292009	97.984000	91.740000	99.992000	99.790000	
0.000500	0.061905	0.291962	97.962000	91.690000	99.988000	99.790000	
0.000500	0.060988	0.289830	98.000000	91.790000	99.988000	99.800000	
0.000500	0.060170	0.293048	97.990000	91.560000	99.982000	99.800000	
0.000500	0.059128	0.294399	98.118000	91.750000	99.988000	99.790000	
0.000500	0.058315	0.292211	98.104000	91.790000	99.990000	99.800000	
0.000500	0.058081	0.290238	98.078000	91.800000	99.986000	99.790000	
0.000500	0.058524	0.294638	98.068000	91.740000	99.994000	99.820000	
0.000500	0.056389	0.293473	98.158000	91.660000	99.990000	99.780000	
0.000500	0.058835	0.292448	97.990000	91.700000	99.982000	99.780000	
0.000500	0.058107	0.294813	98.058000	91.730000	99.988000	99.780000	
0.000500	0.057661	0.291842	98.150000	91.770000	99.984000	99.780000	
0.000500	0.058495	0.292011	98.098000	91.710000	99.986000	99.790000	
0.000500	0.058398	0.292254	98.064000	91.800000	99.990000	99.800000	
0.000500	0.056705	0.289935	98.136000	91.790000	99.990000	99.810000	
0.000500	0.055832	0.294273	98.124000	91.790000	99.998000	99.810000	
0.000500	0.055501	0.293512	98.224000	91.790000	99.988000	99.800000	
0.000500	0.056722	0.292791	98.106000	91.720000	99.986000	99.800000	
0.000500	0.056389	0.293196	98.204000	91.790000	99.988000	99.810000	
0.000500	0.055750	0.294889	98.200000	91.810000	99.984000	99.800000	
0.000500	0.055902	0.296771	98.228000	91.770000	99.990000	99.790000	
0.000050	0.055845	0.295997	98.254000	91.720000	99.988000	99.800000	
0.000050	0.055967	0.295578	98.202000	91.740000	99.990000	99.790000	
0.000050	0.057806	0.295547	98.120000	91.780000	99.992000	99.800000	
0.000050	0.056133	0.293442	98.196000	91.730000	99.994000	99.810000	
0.000050	0.055555	0.294510	98.230000	91.780000	99.992000	99.800000	
0.000050	0.055278	0.295380	98.240000	91.730000	99.986000	99.810000	
0.000050	0.056599	0.295146	98.214000	91.720000	99.996000	99.790000	
0.000050	0.055787	0.294113	98.146000	91.740000	99.992000	99.790000	
0.000050	0.055639	0.291211	98.142000	91.680000	99.986000	99.790000	
0.000050	0.057737	0.294059	98.104000	91.770000	99.988000	99.790000	
0.000050	0.056981	0.293219	98.166000	91.730000	99.984000	99.790000	
0.000050	0.054723	0.296253	98.234000	91.660000	99.980000	99.790000	
0.000050	0.055063	0.294781	98.258000	91.720000	99.988000	99.790000	
0.000050	0.056530	0.296197	98.170000	91.720000	99.988000	99.830000	
0.000050	0.057705	0.293517	98.052000	91.690000	99.984000	99.800000	
0.000050	0.056367	0.295299	98.128000	91.740000	99.988000	99.790000	
0.000050	0.056001	0.294469	98.134000	91.710000	99.988000	99.810000	
0.000050	0.055283	0.292255	98.224000	91.700000	99.990000	99.790000	
0.000050	0.056540	0.293366	98.158000	91.690000	99.994000	99.780000	
0.000050	0.056593	0.294842	98.186000	91.790000	99.988000	99.790000	
0.000050	0.053993	0.294729	98.296000	91.730000	99.994000	99.780000	
0.000050	0.054188	0.296309	98.278000	91.690000	99.988000	99.800000	
0.000050	0.055262	0.292976	98.212000	91.710000	99.990000	99.800000	
0.000050	0.054543	0.296097	98.216000	91.670000	99.990000	99.810000	
